10001
7346 104
6798 19
2315 11
9998 162
6992 231
149 136
6392 128
7615 245
353 14
740 211
5506 135
1782 14
7778 88
105 321
4546 43
5278 80
6543 142
726 243
5531 52
490 179
8321 355
2887 30
3113 109
638 74
1607 105
6397 47
3076 267
3039 18
4432 477
2283 19
6089 22
8521 15
7011 66
4098 284
4017 20
4217 43
4031 142
596 29
1797 123
548 91
2143 102
9363 157
1121 273
2408 38
9588 155
1113 84
4533 36
9367 128
6333 27
6523 87
8708 60
6151 52
7104 182
4518 70
4761 135
4979 106
6031 72
5881 95
3055 40
358 141
8285 24
5125 45
2732 132
2997 31
2172 203
479 42
1838 30
8304 13
1486 64
6924 40
2614 104
7609 49
5104 55
7833 31
383 27
6141 141
6301 143
7926 107
8129 92
4324 264
1072 10
282 11
6043 61
1415 12
1961 89
3003 394
7045 137
5892 119
6614 30
1151 99
6098 87
678 16
9724 61
7301 62
3703 156
2969 133
9272 30
3835 90
2067 98
1817 20
7408 54
3623 26
7656 45
4756 205
9090 40
3233 232
4727 67
1230 216
7827 26
400 62
222 86
9533 128
9246 248
1530 227
874 213
2890 51
4778 158
3735 190
6361 57
744 100
4914 42
2688 123
3904 38
7409 428
5296 37
14 78
9694 16
7512 85
4456 173
2509 114
7150 101
3706 122
2534 29
5083 88
6253 41
9266 53
1536 329
7894 134
9434 156
1406 91
2420 49
6486 75
2158 176
6066 93
2651 177
9949 10
2542 41
8406 37
5994 268
9355 292
7584 117
7138 377
5896 39
5846 61
1849 130
5425 258
6362 54
818 74
9064 66
5596 50
4891 146
3405 147
8254 85
5293 56
4975 67
8741 72
5528 264
4887 49
792 154
7823 292
7688 104
6247 19
5045 50
682 81
4689 52
9091 26
1426 114
9187 41
5673 69
2473 164
9661 144
9871 12
5208 249
3425 26
4147 71
9295 18
5930 214
5719 36
4837 75
9460 476
5278 15
3204 111
5115 51
7675 72
4504 165
7328 140
7967 26
3689 128
345 130
8361 431
3277 11
1245 60
2630 63
6381 97
5537 117
6198 75
7277 181
7005 11
9183 174
8561 80
5069 58
9267 66
5858 88
8276 14
4402 29
4048 48
2606 11
6825 288
2661 465
542 18
3943 92
8142 10
367 226
3826 40
421 16
9249 128
6205 129
3230 237
7322 55
9518 23
1195 12
6362 36
6271 22
1954 113
4303 138
3391 25
6154 79
7226 218
6223 211
8640 16
1818 136
1797 48
8604 98
7772 23
4114 61
2894 242
3376 135
314 25
5416 167
3522 282
6879 160
2913 67
871 58
1343 218
7739 90
3971 210
1640 359
1062 46
1193 20
8230 19
6 37
7973 43
5351 160
2402 35
3561 207
1240 96
6686 146
4919 851
297 79
7503 131
8109 17
8253 419
4643 47
2688 42
3090 117
7992 135
7958 35
8397 49
8203 47
6236 15
2789 51
7174 40
479 37
7014 15
8392 32
8579 150
4797 16
7114 27
2667 69
7188 142
8490 146
1540 205
9391 53
8512 63
6568 22
4545 25
6174 135
8472 22
5731 157
5356 21
4125 56
616 197
9397 99
7363 93
5712 39
4711 161
4260 230
4728 384
4591 12
4625 177
584 70
7760 126
9302 211
5270 59
9284 47
8150 25
892 106
6257 184
9979 127
7660 152
1121 22
4392 14
1357 41
5725 35
4651 117
3829 24
3422 244
4216 59
1046 289
3448 472
485 21
90 50
5946 88
470 153
1963 88
9453 10
321 140
9340 18
6985 191
4705 64
8974 75
1841 228
7898 27
7245 132
6043 55
5978 14
2802 80
4550 76
5195 52
2324 65
5127 259
1935 91
2191 75
8064 82
1756 11
818 53
9576 26
3151 72
5517 349
5270 58
8632 243
4432 58
1813 98
3744 60
8066 19
1822 37
5480 13
7565 87
7442 155
8966 151
4524 33
9672 561
1355 146
7565 97
6384 75
3657 38
8842 29
2254 85
4858 104
5735 92
9296 37
1503 13
6109 55
7235 61
4989 52
2254 148
8749 272
3831 34
2844 114
7695 112
3623 160
2357 192
8561 17
689 122
4061 38
3149 35
5320 81
4255 37
8690 101
4992 126
5367 151
8728 138
3441 47
5837 39
2217 215
6937 62
2436 24
7214 64
2684 62
4257 123
78 108
4066 204
1858 301
5245 82
6937 159
821 250
2674 13
6468 72
9770 17
3902 177
3933 184
4630 86
9845 133
6345 99
2880 134
2442 223
7234 44
6578 125
3864 75
5923 205
7069 126
9653 46
852 140
7296 35
7100 51
7256 296
1704 81
3632 13
3848 19
4485 11
6944 92
9817 88
9008 36
382 209
9919 90
2777 63
2566 131
1215 64
4571 174
7424 47
4614 60
9954 65
4203 84
2080 15
1663 409
7935 81
4976 34
3821 99
176 230
8653 62
6932 64
6140 22
9725 63
6971 74
3048 23
7936 88
4893 296
8262 429
3740 43
2458 99
4262 47
4476 38
7003 210
2784 126
8693 64
4774 84
3928 18
3870 50
9499 80
5126 13
7678 124
5477 18
5140 40
6724 212
1352 190
250 78
3074 203
7713 12
3200 24
2797 314
43 299
1579 182
61 77
5285 130
931 102
864 100
7392 89
4264 54
7100 198
9169 94
3913 96
942 214
656 31
6391 246
677 35
1765 134
768 143
9912 20
2565 158
174 61
1460 86
7513 56
983 68
3568 125
2293 145
1418 35
5189 20
937 80
2163 118
5771 68
5766 225
7617 106
5234 41
8579 29
5980 98
6310 77
5095 78
9382 55
5324 22
4240 223
1659 218
8012 56
9392 40
7547 26
5898 140
2282 17
8422 96
2358 26
5151 73
3446 178
2091 49
7979 54
1344 45
4062 19
60 212
6906 137
3236 214
1144 51
5040 169
4379 48
4621 21
6870 231
8123 11
7484 33
5180 36
1132 246
1728 81
5961 64
8437 231
8408 26
5326 117
623 58
4432 35
2060 54
8846 84
7951 141
525 97
9993 96
4071 22
9820 140
8287 39
364 55
1247 50
7212 170
1668 151
2413 99
7471 56
273 72
847 64
9828 32
3327 146
5052 42
9595 491
360 73
6023 63
6000 118
4952 187
446 26
3421 15
2594 159
3213 91
8890 241
9147 371
4541 191
603 164
8938 110
7753 145
8249 102
5017 308
9498 77
6845 20
5748 131
1621 75
2912 119
6351 79
221 323
482 50
9828 59
633 184
5738 79
3560 33
5462 291
2861 37
4342 214
9192 124
4595 195
4801 127
1008 69
5995 522
2989 23
6196 13
1561 21
5718 257
7834 47
1472 60
9437 152
2684 27
8212 234
3762 22
5079 83
1631 172
9227 83
5215 303
6883 218
3166 21
6229 509
9257 84
5223 18
1169 360
143 102
732 16
1264 42
6952 392
7890 151
9450 189
2865 131
8589 203
1423 140
6626 97
7136 51
647 158
4212 138
5166 89
6858 35
3141 130
1286 65
5255 20
2531 17
1549 24
2000 131
3826 29
1321 23
1706 16
3288 199
593 126
4654 239
5093 15
7596 46
6027 86
6106 242
4493 165
5094 309
7083 68
856 34
5639 203
9602 125
1946 29
1104 81
188 127
8806 68
6873 192
2804 67
8296 14
4578 46
4665 14
3884 76
5793 123
9284 33
6223 21
3195 76
6378 26
2791 176
2556 448
3826 54
6054 344
2703 123
4334 29
3100 353
9032 39
6267 41
9766 195
4066 39
4811 46
6916 131
3015 73
6722 60
8115 226
5915 19
8792 97
3288 47
2725 116
1071 46
1756 86
9381 49
2724 484
1675 240
3406 10
4160 117
9367 30
194 92
3744 21
5560 205
9953 24
2702 34
6443 29
2717 228
7460 92
697 57
6912 29
2606 386
9921 22
2612 198
3624 46
8878 231
7929 75
8553 82
5556 193
3773 178
8270 343
3609 153
3866 91
4261 21
2169 168
635 176
6419 173
2525 72
2929 40
9856 122
4503 29
6332 598
2492 10
7906 89
6734 107
7260 34
7054 169
8176 88
2173 85
968 543
8843 21
3730 21
1824 48
7351 29
4587 37
2334 26
5304 48
5273 203
1107 14
6487 86
4134 59
9532 157
4910 156
8682 37
6125 89
750 200
6043 31
5563 95
2949 222
6786 53
8007 66
1284 55
9254 290
1381 206
4241 187
2193 33
1755 13
8715 148
5638 10
7266 17
4720 46
9441 30
7824 14
4563 157
409 28
858 59
9569 25
9878 14
9999 125
4195 320
6949 120
3755 86
2525 72
2450 159
4021 102
1330 156
2217 98
8055 82
2020 20
8106 323
4199 185
2831 144
183 146
1381 116
7722 21
1806 197
8866 141
9185 22
9733 158
1592 126
2026 70
3330 11
3961 185
9968 67
3964 210
1622 64
5611 75
839 44
400 84
7711 39
8864 12
9005 62
2878 27
8979 132
1547 99
3681 344
473 29
5166 69
2425 16
8930 474
2789 37
1199 129
1404 94
4149 110
7164 23
3082 261
2726 14
4729 10
7544 374
4250 99
1520 25
2312 56
6927 145
7796 109
3284 327
8085 19
5843 50
2134 203
2576 193
4799 69
5217 62
9590 142
5337 70
6018 129
7471 162
8103 72
1049 97
7880 122
1672 32
2086 123
2220 50
6176 152
6638 124
9882 54
8445 85
33 25
251 150
7281 100
2655 22
5675 59
7238 301
8093 18
1808 111
8124 10
3458 176
6587 87
6542 26
9375 95
1404 115
1955 12
6625 27
2611 167
9425 203
6481 73
257 182
5066 41
1670 68
9551 40
524 20
8981 326
4489 188
27 22
3292 203
8347 20
9822 83
5146 24
5407 39
1057 28
2538 21
5946 11
3289 246
5038 159
9843 13
8225 92
8807 77
3343 11
3611 93
5999 63
1363 204
6045 88
2635 81
3578 80
6964 24
4894 77
4580 80
8813 363
4360 118
4522 41
5676 22
146 131
6843 29
4645 100
6042 14
2944 82
3924 10
9608 15
4643 16
5246 79
3562 36
4832 359
549 15
2974 80
2235 12
2054 216
7892 121
6138 130
1782 26
9134 44
4146 110
2127 72
6283 200
523 24
9366 52
6572 44
5993 21
4330 62
8909 15
2478 163
9826 12
16 40
9456 166
2928 40
8703 25
8881 19
9998 87
4710 127
3995 398
4572 210
2055 155
9430 38
8795 144
253 41
2178 87
2962 123
4534 11
3776 113
5482 78
7422 425
6530 58
8423 201
7259 245
9211 143
5148 11
4736 154
3183 67
9879 214
7813 21
993 47
3292 113
3123 89
7499 24
9794 15
1369 328
7736 18
3892 14
8452 558
5773 38
605 58
9574 15
7178 47
639 54
5055 68
8700 22
5373 29
1369 67
4386 286
1406 186
9259 21
6670 104
8708 58
6399 31
6954 221
2646 47
1797 22
6632 129
6550 109
2692 142
4109 37
5610 156
738 29
3669 22
1065 234
8329 88
9552 176
3184 76
7733 69
201 82
4569 13
3998 10
4088 79
4802 31
3801 121
4944 53
7755 185
2078 69
7518 83
6129 222
419 60
5010 64
3193 29
7779 272
8462 11
1354 69
2134 290
3098 124
1903 33
6646 55
2865 273
5082 92
1542 96
9909 168
7143 206
270 183
1445 64
1116 11
7839 56
3175 112
4499 123
2562 144
7732 388
6226 146
9624 16
7304 33
5587 66
1171 32
7725 85
5754 19
4695 48
4703 12
907 95
3019 109
5229 148
6127 22
9792 23
4219 117
8024 271
3228 39
4813 119
7529 50
9040 184
8094 54
7626 55
5366 81
3412 34
9196 32
8695 15
3351 126
4176 88
9540 298
3571 59
702 62
8662 37
7355 70
1783 21
5172 22
5192 52
7470 11
9374 161
9498 213
7208 44
2283 10
3668 180
1372 172
1026 114
6727 117
2129 26
2507 251
3074 339
2797 37
6662 41
5719 73
2343 15
4122 76
4206 60
7315 49
7888 208
7944 87
8817 100
6985 49
3714 22
5221 148
6807 104
5372 17
7159 519
9847 22
3585 216
5183 11
3590 225
9062 13
7199 21
6303 64
4785 111
6298 123
1074 17
7271 23
1668 273
8911 33
7906 34
6638 102
6128 102
9497 84
986 69
7120 108
6310 23
6566 500
2054 488
7565 61
7403 50
7001 62
7105 61
2510 21
2039 28
9506 54
9638 536
5934 17
6314 90
5157 111
4504 42
7438 211
2940 145
7748 25
9547 38
1324 531
3426 109
9286 60
6990 23
4847 40
8010 70
5906 225
5717 89
9102 189
8474 68
6663 318
2585 61
178 52
3558 196
3802 83
4794 256
8131 82
5087 13
1732 83
5489 210
1955 266
2898 36
4209 174
8177 67
9662 20
8028 11
41 36
8951 245
5515 13
4848 12
785 113
5817 28
6593 89
9656 13
926 285
8295 65
1291 87
181 91
3318 34
7212 74
3626 125
7955 179
6882 193
6690 150
2984 40
7504 107
661 27
3072 13
5942 48
8230 11
1967 44
8058 210
7822 266
3674 52
706 70
3192 67
259 38
36 259
18 46
6501 85
7825 148
6876 26
5019 66
4436 184
4285 64
8126 59
4221 29
5173 17
7798 62
9749 46
5315 36
1012 52
3043 152
3438 153
3956 82
7321 105
588 179
1229 71
938 116
2761 26
7336 80
2758 129
3536 290
6664 122
3238 285
2778 43
2425 172
6505 91
4533 193
9318 69
3872 37
3320 80
7447 92
2431 217
8576 17
2813 21
9719 32
4971 176
3208 25
288 305
4495 246
6062 337
42 157
8492 91
4209 159
7706 61
8303 17
9342 190
1551 104
3721 437
8176 423
9735 51
2459 114
9565 53
7268 27
4948 147
2505 34
2600 56
7516 57
8664 48
9856 126
5193 37
1770 20
9899 172
253 189
3937 169
2106 64
8524 134
3782 98
8567 45
6180 169
3980 39
3716 427
2694 72
4392 51
6524 66
4067 87
6812 150
6677 241
7431 108
1886 128
2111 46
3003 122
9436 106
4582 13
9261 32
404 181
722 54
6819 50
8191 55
4257 174
5246 195
7966 79
348 557
8401 123
5044 46
7274 85
3348 95
6450 111
7078 16
9331 88
7607 98
9519 11
3520 31
6270 121
7576 14
9397 663
8991 30
249 38
5317 172
6071 25
925 43
6051 220
2920 83
4586 97
4645 34
1977 213
6257 36
2083 49
412 73
8764 92
3729 94
7961 688
1016 61
2168 84
7532 73
4246 105
5344 31
715 21
3155 15
7152 21
5095 142
4512 109
3974 20
4747 147
2018 99
2178 33
1918 247
9717 105
9943 63
1354 70
8111 103
6247 12
8391 256
5955 37
4309 102
1688 167
7799 64
1874 48
3843 62
6507 121
3497 104
4656 29
9718 278
6642 25
2599 49
7061 36
551 300
4 24
7357 61
3131 72
9948 60
8612 307
7634 14
9443 64
4051 26
9815 15
3012 64
1326 850
9198 90
4267 22
7974 94
4469 87
5817 56
9937 57
4413 54
8539 329
30 26
7289 27
9349 82
1191 46
9097 52
9835 543
8829 58
8368 137
633 57
5154 20
1750 105
5183 36
1471 166
4579 28
5909 41
2371 44
9802 206
65 73
1662 79
148 16
4614 147
4644 102
4403 22
867 30
198 118
5858 57
3966 483
6802 247
8147 22
6771 72
3392 69
1048 279
3298 40
2497 118
9808 439
613 161
5840 55
6839 93
1679 150
8738 126
4900 57
3363 31
2574 211
8088 16
4130 34
5484 178
1584 37
5733 83
272 20
9333 23
488 67
973 225
6536 230
1357 46
999 313
9812 44
4649 43
123 45
690 109
3141 142
2072 27
6081 127
6669 63
3608 30
2740 24
6051 42
5561 92
4698 247
2566 17
8007 353
2864 124
3284 49
7575 158
7840 74
9316 126
9857 165
5038 53
7741 221
5345 14
6423 20
393 76
2503 266
4726 20
6077 61
2203 101
6530 82
6251 20
4321 100
4025 117
4994 35
1777 22
2282 257
9535 104
8560 90
6001 11
187 177
2411 25
4888 19
3720 51
3724 42
7018 89
72 57
928 11
9357 46
2316 13
6857 60
4564 71
3266 205
9905 43
9700 10
3778 161
539 327
1066 249
1167 84
1059 60
624 60
3397 38
1737 546
8056 78
7616 35
873 84
5246 153
7165 12
1547 64
2756 11
2726 80
468 48
8686 136
5096 125
1087 284
3289 183
2844 87
6295 218
4136 17
6585 24
2935 95
797 35
9806 159
7962 66
5757 45
9338 245
1176 127
286 134
2884 85
7011 69
9002 304
7766 58
6687 108
1946 34
1341 76
1075 53
3238 359
5708 60
878 233
3512 185
818 238
440 80
1770 158
5787 54
2696 100
4498 78
662 34
2948 453
9144 217
5321 115
1318 72
2496 117
9378 11
7107 402
6432 45
3011 41
482 218
3768 51
5185 62
7383 49
7269 18
125 141
3763 117
569 42
873 93
2032 319
995 40
8660 108
1969 104
8289 39
4292 109
9188 16
4913 85
816 448
5638 26
9009 128
1719 23
8470 20
7212 42
2226 47
4344 217
9990 294
3537 140
1867 77
2361 41
2625 77
2496 121
6256 61
2326 316
2792 40
7665 10
1172 122
9464 519
8810 108
6663 45
135 21
8873 355
9393 106
7437 58
3686 342
7310 263
3395 39
3309 171
1497 75
2782 291
8658 99
1587 112
4252 61
5215 16
3373 12
639 29
4773 75
1975 195
5566 55
3048 21
2535 58
3252 17
7931 80
6212 117
4115 190
7983 40
6592 126
7385 204
8223 238
7412 48
3233 89
4859 93
2639 141
9495 35
2872 264
939 107
1617 410
1935 129
8966 121
395 63
1954 260
1916 128
3895 174
3667 94
669 46
1466 52
6003 174
6840 88
3962 57
233 11
475 17
9210 343
2711 48
3759 11
255 308
9153 43
4759 230
4681 266
44 133
8100 96
5710 92
4280 157
7560 33
5436 65
4774 104
4229 39
4977 15
5361 60
627 40
756 25
8709 239
9598 117
3867 75
5089 77
4263 39
1766 148
3403 34
9557 45
5486 105
1495 100
8769 93
8597 223
34 114
8312 145
4691 237
9885 174
2325 74
3713 329
74 80
9500 16
3456 19
4696 93
7177 105
3733 39
2168 149
2764 60
7620 47
5895 97
871 24
7058 11
5833 73
784 168
4681 79
5392 35
3958 92
1446 91
8693 228
8804 37
627 117
4194 76
6192 62
6286 185
8114 70
6200 51
76 56
6856 114
6044 375
4696 51
3164 61
9207 45
6743 259
768 52
2320 89
9333 339
4899 105
6237 393
2742 143
9963 171
2662 48
2178 23
7278 10
5173 103
4645 59
6408 211
7742 32
2530 385
5049 45
2699 133
3244 228
238 110
7322 93
7607 171
6175 468
3127 11
1085 99
1434 12
4778 33
1286 36
9767 391
2842 28
225 29
7960 30
2101 178
9696 64
2312 75
4894 144
8665 68
7194 278
5570 37
3346 11
6234 43
370 78
9595 55
5474 47
7750 11
7396 87
1616 298
1014 247
2134 122
7115 313
3650 99
5013 166
4126 19
220 31
1810 62
5023 819
7092 287
2697 21
5565 14
9092 83
2128 76
8615 167
8651 84
7090 101
9253 10
2010 116
3857 58
7452 23
880 109
7268 153
2478 54
4982 44
6675 10
8480 315
6851 66
7142 33
3663 11
1446 44
2552 82
6977 47
6148 189
8639 128
4079 54
8861 18
9222 42
194 94
8822 13
7470 25
9374 90
35 169
4005 48
5154 95
6108 37
2043 185
7626 49
8180 69
8524 54
1612 57
8566 38
9909 24
5681 37
8625 34
2945 55
5271 109
8236 166
9790 65
985 30
2898 131
356 338
1780 213
5912 81
1387 173
2254 56
5805 61
1860 15
3974 122
7453 80
4530 46
1370 41
6021 269
172 27
5983 375
4058 141
7984 153
7076 82
9933 43
1466 90
334 292
8322 22
2803 230
1761 310
7941 100
1416 11
3595 181
86 27
3796 158
7863 199
524 22
7609 314
5991 46
2085 181
3754 70
4115 333
9573 19
9024 372
2259 238
4840 123
5953 29
3555 65
8087 14
5297 10
3077 109
634 29
3482 178
5039 97
6411 260
7606 229
7182 79
5004 150
5566 138
9810 53
558 34
9074 11
3358 56
7518 33
5820 25
6111 103
1995 61
4099 10
2119 133
4666 158
2263 54
4171 12
1990 29
7545 250
955 87
3662 43
102 176
5886 245
2291 16
4217 52
6070 35
6024 17
9005 24
1071 440
2881 87
2053 344
1683 51
7438 32
9319 26
3149 84
1085 20
1011 34
1032 205
3579 13
6936 40
9258 41
2549 43
9596 12
4165 190
8519 177
3395 39
6202 68
461 36
4057 213
5314 109
875 87
7880 102
9611 19
3301 76
6155 46
5332 35
7952 95
4368 46
8777 108
3506 132
1014 177
3429 100
4220 263
3535 92
545 107
7800 19
7371 38
6512 143
9561 40
1446 382
6266 37
5448 55
4741 78
9533 149
4604 32
3409 76
6735 20
5538 74
7899 71
9667 182
7363 44
616 33
9826 124
3959 128
5549 43
1165 180
5985 106
7677 32
1082 31
1917 171
7560 38
4582 18
6500 201
6348 130
6616 134
3445 119
7758 21
1894 163
1857 45
8173 38
1111 47
9254 65
7668 35
8357 284
1318 32
307 149
5541 99
6602 28
8565 15
3485 112
4680 16
9424 54
6916 125
702 197
4003 87
5434 85
9192 71
2803 90
9316 31
4259 79
9043 155
4328 125
3361 82
7247 33
6059 377
3471 34
23 12
8248 183
6641 23
4808 93
4914 92
7796 34
4544 44
4973 84
4768 47
1705 148
3948 23
7577 52
6566 61
9143 50
6197 129
2962 702
9381 10
9064 40
1916 185
3124 128
8966 109
7242 162
4110 78
2545 53
9797 226
6190 246
1734 75
678 106
2123 49
3750 87
3831 157
7794 145
300 164
2197 35
8723 74
1921 91
2864 159
7904 72
6710 235
3873 24
9826 121
5740 20
8879 32
4934 30
6859 127
6717 150
603 98
2856 115
1765 84
4431 87
6567 16
2605 157
6334 139
5805 17
6933 368
7457 311
2002 243
1789 409
5199 10
7269 29
4843 304
6210 36
990 29
3735 227
2749 75
170 70
2290 95
9367 19
235 177
1748 189
6757 31
1227 116
9254 14
1101 65
1413 215
7278 196
1572 14
5257 122
1405 59
6894 21
3194 304
3790 76
6105 21
7417 53
3601 42
9072 114
6827 28
6752 13
9945 13
8961 66
3776 107
371 278
6539 218
6769 68
3647 71
1766 390
4511 11
4292 52
5110 61
4480 120
9576 396
1135 133
6772 188
1646 21
5024 90
1443 86
8362 80
9473 46
3590 60
2528 135
351 173
9960 153
9166 54
7319 89
6611 183
8806 85
5802 267
9112 41
694 247
6608 30
4836 131
7476 19
2919 201
8658 73
4854 92
3478 166
1148 455
9353 102
19 394
8066 56
4954 164
1357 68
8624 187
9389 746
3316 20
8949 22
7120 187
9592 14
5533 56
5214 118
4654 98
165 82
8620 300
8738 12
1433 174
5642 31
3793 139
7818 171
6406 52
6466 181
1428 119
1656 126
4105 246
4367 103
1845 170
2125 118
7105 22
72 157
843 29
2314 184
2651 85
7078 23
9449 28
3630 21
2774 178
2046 97
8787 70
2071 33
9981 264
3519 50
1256 248
7748 32
5756 80
4236 41
1326 511
2248 53
5987 18
8334 19
7799 75
9087 28
3208 64
6783 92
4742 101
2265 124
425 33
9069 30
7728 44
7906 36
847 225
1462 125
1817 69
8797 155
9463 93
1738 227
6623 163
7694 315
6363 196
2452 96
1602 89
3891 57
4012 185
2003 50
4783 48
1311 47
5223 79
8920 80
9334 85
8379 13
3562 281
9170 60
1265 94
2649 39
7074 10
3116 33
2177 136
5858 361
6501 90
7227 86
1643 174
1192 16
4571 49
9764 152
7951 737
4542 99
28 136
73 105
6426 90
48 309
9225 58
6633 17
28 30
4580 47
867 195
5790 57
5066 209
8981 11
8089 108
1487 69
3477 67
492 58
9878 234
3584 55
1040 102
9617 18
6229 53
839 69
8035 68
3715 17
8601 50
1762 28
7630 23
2233 67
1157 20
2463 156
8265 79
359 116
7317 165
764 18
552 76
2286 82
9167 121
4229 28
9281 76
4960 50
4370 46
7985 30
7032 126
3118 49
6845 167
3768 200
6168 76
849 81
6419 227
4083 163
5910 126
2942 93
2910 126
121 45
2536 11
908 231
8431 107
6324 15
2163 168
1870 140
6702 170
4624 122
4826 36
9572 236
5196 70
3772 208
5745 138
5603 98
9422 293
2923 185
8865 26
2260 121
5 84
5536 187
5125 12
9930 110
3535 135
1668 34
3874 101
2737 48
330 58
4094 73
1246 233
709 90
6665 216
7270 177
8701 88
6616 35
9960 26
2879 138
1783 106
6802 328
6253 11
3473 17
477 126
6127 35
6591 34
7033 91
204 13
8931 264
9711 95
1300 196
392 43
7062 120
58 17
2524 48
5657 300
3540 111
5940 39
7759 79
6758 276
3559 272
9592 311
9073 311
5239 78
7101 159
5450 187
8248 158
409 135
52 233
5327 133
5879 70
5318 214
1419 101
8552 41
4650 76
9014 66
8330 49
7254 203
168 35
3074 104
5552 52
7283 15
4860 39
4090 47
7394 41
4870 56
44 48
8267 104
2736 345
5263 152
6238 79
513 239
8551 37
3339 78
6785 16
571 92
9783 32
9389 24
3770 96
420 48
8493 38
9096 645
5109 173
8764 83
5943 29
8825 230
851 73
3878 63
490 94
5225 15
8804 23
2824 159
8816 133
125 28
4635 322
5279 65
1528 164
3243 44
6457 272
4759 65
4122 74
4030 161
2251 16
7186 18
8479 12
2853 182
1496 39
1597 52
7767 188
5524 351
3518 215
6694 74
4232 30
7379 94
2444 52
5645 280
7039 42
4454 299
3200 100
5895 517
6623 44
2821 115
9578 245
6935 24
4778 523
7068 132
8548 18
4804 403
9508 148
7584 10
1063 70
474 22
4726 125
1553 48
7836 12
298 47
7308 39
8760 119
7656 13
4776 87
3170 50
1778 124
5864 386
3363 39
2091 17
7413 52
3432 29
1935 146
3136 197
8974 23
7208 205
620 31
7105 98
6693 149
7070 21
6593 101
645 213
6101 32
9163 51
4419 131
8569 426
2036 154
8111 37
7391 78
2608 263
9323 28
5501 47
9533 24
4989 122
8557 58
9668 29
4713 258
1255 13
1791 47
1523 139
6840 87
476 46
6199 92
6009 26
6073 151
4045 46
9444 241
7276 174
3070 74
2012 22
4691 238
9672 53
5640 92
475 433
5309 277
4610 29
3939 114
4481 22
3937 181
3271 81
5102 39
6221 27
3327 38
8243 173
5258 76
2311 16
915 270
8675 10
3289 113
3850 12
5900 38
9529 10
4599 45
8261 690
7603 271
9179 28
975 125
8437 523
4201 351
1213 250
4606 50
9917 85
6912 383
4648 115
1546 130
327 42
57 219
6408 58
3800 114
9540 66
9438 72
1450 123
3680 105
1019 209
3228 47
2139 13
5568 158
261 97
4406 45
255 29
9101 202
7591 56
9058 146
101 265
8622 101
851 24
1709 67
7728 245
9172 166
6037 112
2334 42
8925 167
6324 104
5591 22
8742 82
5079 166
9534 211
6330 35
1882 80
6720 13
8087 164
2062 10
3703 128
8796 67
2263 121
6591 32
1472 328
4517 107
8006 19
7041 203
4274 79
9309 119
1409 123
8711 463
9411 409
1030 88
6787 48
6627 66
6518 13
289 236
6092 20
6572 163
4260 319
7258 66
3326 177
430 333
2969 214
2942 33
3584 79
1223 175
2944 74
4780 207
4738 132
8236 126
5646 248
1693 44
7703 25
6900 29
2114 247
5689 114
6695 81
1603 43
7848 85
7715 68
9065 44
8303 87
8105 13
1772 59
2894 115
5787 259
9013 119
6264 114
2034 14
4354 176
8420 19
7868 38
4364 25
4324 76
3530 29
1505 119
9581 77
4155 130
1149 24
7538 67
5852 70
2505 256
7051 90
9367 53
6682 293
4054 112
4400 155
395 10
4865 94
5619 150
3298 34
2545 255
3340 107
3177 19
7405 27
238 10
3305 209
8534 28
3555 11
2545 14
7643 55
3530 123
5873 326
5543 57
6794 72
7796 16
2992 22
6970 105
3271 17
4554 94
7051 257
2325 17
7091 189
2809 72
6045 32
8667 32
2300 154
9421 19
949 349
336 20
4847 46
4383 113
9692 17
8027 55
7915 213
5255 16
5516 66
698 233
6468 21
9854 222
9640 89
3908 70
7157 113
8062 31
1942 206
453 293
2195 32
3009 22
5891 446
162 44
277 52
2724 10
977 174
2364 27
7849 82
6090 11
4618 30
4774 104
1268 213
4502 261
9816 44
8179 36
5654 57
4488 25
54 46
5594 233
6157 20
1436 25
1713 100
9805 216
7183 119
7575 58
5967 73
4830 117
7877 97
1805 114
3205 94
2611 23
6043 176
7694 73
3407 10
6024 79
2142 36
1782 23
8962 107
7131 24
9764 57
9737 277
457 61
1292 51
7031 49
3419 105
126 245
850 100
7432 31
3919 39
3261 78
6605 22
6874 22
3652 161
7682 24
7559 45
7419 155
6494 148
3082 247
4588 150
7706 104
7106 39
4416 41
9160 56
7969 199
8377 316
814 54
2080 85
2254 245
9739 135
4250 41
1866 116
5896 34
2368 205
1255 33
1700 25
6006 451
3146 454
9815 98
4592 17
1038 118
6517 53
124 123
7374 40
7290 204
3233 57
8929 64
2543 170
6203 17
445 118
6773 15
3553 35
1863 27
9096 113
6437 80
7642 30
2202 216
7942 287
7841 259
9599 67
1991 38
8289 91
2216 208
6045 72
8652 156
8752 75
2381 48
6070 105
4062 71
9566 39
7437 34
2808 16
7483 94
284 11
9701 119
238 170
5766 25
9548 97
1952 16
6948 138
3172 63
7666 84
3873 163
9042 30
4458 10
2071 155
7038 234
6736 374
4387 95
9092 87
8944 430
891 13
8034 113
6871 40
8534 134
2855 27
6928 69
6104 84
7364 39
1114 21
3361 48
8227 263
1400 413
6506 14
7625 200
6933 76
451 425
2258 106
7949 63
8497 84
3758 18
9711 22
428 24
5064 62
553 150
9022 81
2633 84
3548 20
5682 18
5624 54
1431 62
7543 135
9259 73
5168 347
9409 81
5004 46
6221 31
678 159
6376 21
1323 60
5356 69
895 14
3939 95
6042 36
6066 195
2815 176
8980 107
617 44
8360 10
321 100
9971 288
5387 119
4279 83
573 31
1420 57
8980 126
3243 63
3192 88
4207 44
9872 128
4902 100
6521 118
4123 339
203 111
1814 93
2027 59
4486 110
5571 50
2966 415
3665 148
4128 64
2850 281
8371 197
752 162
2227 11
8911 83
692 14
6055 163
5185 36
5775 61
3985 41
6008 70
1841 147
9200 243
8914 88
7026 190
2912 261
6000 20
8699 12
1111 35
3623 207
516 117
1345 164
4389 31
902 245
560 36
8677 89
494 85
7432 34
5190 46
4412 24
4057 174
8811 213
3046 650
2160 184
3905 30
4391 126
9391 19
1302 35
2666 38
419 75
9253 117
8252 120
2776 206
5193 80
5139 61
4386 35
8809 65
4543 16
7181 123
7504 178
3538 126
7671 39
517 294
5367 140
8460 16
9561 21
2957 62
8574 13
8906 457
5433 59
9120 76
3288 74
4079 147
888 147
731 154
6863 84
397 91
9418 110
7639 66
8667 120
2427 269
7105 99
9685 171
1012 348
2630 16
1176 18
8024 23
4816 21
8905 13
355 51
8116 67
6988 199
835 163
5052 11
5146 143
7507 34
9089 143
392 67
6411 114
5458 136
720 84
4251 295
6952 19
7733 76
9291 32
3433 313
8194 173
6391 28
6514 25
9692 50
6331 381
6591 176
8886 59
7952 74
9051 29
2762 27
7620 112
1941 217
8338 106
8151 38
2941 83
5376 87
8737 43
2619 117
7099 15
3345 37
1701 66
9224 10
3500 21
1412 43
1017 75
3502 87
1947 210
7781 24
1949 57
7650 411
7887 528
9475 16
9244 41
1050 79
6236 261
5584 10
2754 52
7727 150
6789 35
2643 36
873 29
3237 79
1221 33
2658 31
6840 38
1975 93
3599 56
7610 25
9336 127
2494 62
5382 44
5086 96
8200 58
4751 314
5765 41
8852 180
7550 54
5158 117
6023 137
2445 36
5193 15
3263 29
4397 133
8431 106
6118 191
9819 30
8184 173
2804 410
7781 269
6812 64
3977 240
8060 100
1912 127
6907 69
2924 159
7093 166
2764 49
6885 26
9280 55
5140 264
2596 76
5753 155
5477 177
3982 13
8903 277
8569 39
3073 93
3706 97
8792 148
2418 262
5186 26
5712 25
1393 170
7003 111
85 62
5832 113
7511 173
4458 49
7550 362
3037 55
5709 37
7610 53
3424 13
8811 186
812 81
9845 17
6681 355
4493 63
5100 69
6031 47
7302 13
3019 121
2805 181
1002 95
1351 159
6450 63
8002 62
4146 18
6017 54
4166 25
9315 62
8671 63
5749 67
6489 252
4710 37
2934 274
1226 204
8492 76
9064 169
5592 254
2250 91
6048 51
9490 103
401 24
1582 15
6013 38
5579 124
1912 188
3249 49
6665 34
6705 19
3628 213
6467 215
1608 251
4702 149
9651 204
337 129
9988 189
1481 17
6961 164
4385 111
83 55
722 62
6544 127
3555 83
5013 10
2960 142
2675 297
2372 64
3051 145
2027 94
1377 17
1465 59
557 287
6117 77
558 86
3946 130
8327 24
9512 136
106 276
9596 322
6860 127
5205 121
4934 171
5553 144
9387 181
5421 19
913 163
2408 266
3522 17
4853 163
8059 105
5779 46
8765 45
5152 157
1207 70
6385 99
2067 190
7746 12
8952 378
8357 56
9069 113
7390 102
7844 173
8327 15
2078 20
7632 142
5135 162
4290 30
1337 339
2563 259
6575 91
4513 118
6939 43
5876 58
725 30
8340 35
3709 191
4940 204
8478 323
2119 26
4226 75
6009 20
8146 44
9462 40
2300 41
2741 64
3271 116
3308 54
1418 199
3159 111
5758 29
7186 137
6727 104
9532 111
7181 105
9820 192
1202 83
8300 128
3099 75
9685 144
9231 79
3574 69
4145 60
1092 53
4377 169
1640 201
181 103
7935 211
276 128
5746 88
9575 83
4902 43
6430 40
7517 53
855 169
9050 197
7856 44
6467 152
3720 12
2065 125
7547 44
3850 64
2006 40
1796 33
3497 336
1782 232
532 16
348 92
6984 53
5371 47
6279 162
514 77
8300 33
5692 148
7663 74
9921 49
7339 83
5640 44
7984 53
7018 39
5181 236
7280 70
3933 43
2455 154
193 93
6741 134
9087 48
1878 32
7359 25
1086 79
2614 335
4054 215
4752 120
9176 26
2969 184
1371 125
5485 277
9808 87
2394 70
5622 221
7527 40
1353 10
4669 166
8153 106
9440 45
1612 224
7682 63
2960 22
9664 172
7538 61
3650 242
9895 80
4012 187
4474 10
9170 162
5917 163
710 33
3329 75
1426 229
8153 72
244 20
5172 112
9062 293
2128 40
3760 43
7718 56
3250 91
4079 57
1097 133
7902 181
9282 472
6408 229
4035 65
2770 98
5856 41
7316 57
2431 27
3101 53
3282 269
1046 233
5095 349
4359 112
5210 35
6892 69
9440 112
2397 122
3814 18
2857 130
9418 74
6678 34
2491 48
3195 205
223 288
1296 20
4379 164
1616 76
9917 55
6537 92
5478 69
7513 103
4274 43
5455 67
7838 255
14 38
496 207
7018 246
2505 329
2657 16
6032 48
9010 421
3968 158
6055 175
1712 151
3960 124
4490 150
7066 48
9917 278
2920 75
2940 211
837 31
4230 13
2795 293
2745 84
339 146
5501 61
8824 38
8180 147
7230 122
8829 82
2331 92
9177 133
6340 193
5168 62
8205 83
9712 51
1044 55
2506 89
3654 56
7027 102
3463 19
69 66
6249 48
2202 71
682 107
7865 151
3945 12
4432 126
1006 42
3920 10
1357 255
8537 165
1959 16
7257 40
9370 278
1994 41
6263 18
1729 119
4415 294
6173 38
4024 97
8451 150
7384 294
4715 95
9846 10
2847 90
9034 27
4994 90
9003 51
9294 145
7808 114
3888 15
4671 107
4124 119
994 31
4925 152
8056 249
7070 70
1662 31
4417 66
690 86
9141 67
6920 108
1387 19
7661 42
8261 438
1019 27
773 48
9025 15
5240 57
3940 86
7733 144
6627 142
1153 476
7666 132
6568 41
44 35
54 49
3846 192
7695 56
7652 60
7895 25
2770 268
3576 54
5325 66
749 125
6096 289
1205 167
3625 20
4361 114
2126 106
5133 206
5792 29
3693 53
8920 373
5827 109
8842 20
3366 96
5937 487
2008 52
4072 10
3113 68
732 395
3262 222
6235 60
2195 151
9607 55
5528 33
1695 98
1952 47
219 2208414
4667 91
6790 32
9018 125
7393 50
1149 84
2451 28
6626 275
9689 25
0 54
705 66
2759 51
8656 50
1212 57
4397 174
2151 156
2810 37
9623 31
8399 11
6382 12
6689 38
8228 112
3030 60
9626 70
2106 14
4398 16
9452 12
8264 67
6888 40
1885 160
3111 93
6539 70
1376 232
1143 523
4089 101
2183 49
7223 35
1309 118
6674 370
3723 40
6447 297
4701 67
9987 172
5293 222
3080 29
2261 108
6668 594
327 193
9973 346
6821 13
160 76
2401 189
9262 187
7665 16
9727 65
909 232
9899 35
2765 84
8038 36
1194 182
5064 13
7727 43
4013 33
8552 31
7313 32
3640 11
6381 13
3502 46
1225 97
48 122
2586 275
5766 91
1108 28
7751 101
984 37
4422 61
3193 88
673 23
6849 49
2870 36
3278 120
7400 43
8391 124
556 11
135 49
944 25
9712 11
2810 248
9451 98
7122 26
8299 106
922 346
8377 72
2763 169
989 214
591 64
4028 100
9318 109
7734 15
9550 152
8515 161
8078 38
9606 40
3183 39
5904 23
7597 27
3886 160
2503 68
9055 26
4234 30
6162 14
3066 29
3783 12
8536 164
7320 25
9906 36
729 360
6185 158
1856 143
5380 10
4713 264
7954 72
4544 158
6556 52
4936 33
7642 89
6736 10
7491 70
8403 274
8280 22
7043 80
8592 64
2256 85
7672 56
286 118
3480 85
1008 158
9148 435
9545 37
3550 100
5795 122
7939 61
6524 48
1093 20
6534 96
2153 24
9644 49
2202 18
462 153
465 42
4662 61
608 24
3726 16
640 52
6733 184
5163 89
5521 170
8778 76
3404 442
2688 18
3156 141
3363 70
5248 90
3066 72
3985 52
7815 35
9808 20
5963 53
8331 108
92 42
4260 88
9700 26
4680 49
3934 249
9253 17
5029 36
4078 43
4341 28
4303 22
6215 189
7517 28
5348 80
5676 152
4991 62
3379 16
5420 190
1891 152
1023 33
4903 321
5372 429
8999 146
4528 108
2887 54
1502 72
770 163
3458 24
5073 102
4248 76
1672 76
8856 175
7687 21
1925 41
4278 38
5647 71
5153 333
7150 259
20 47
5449 85
9847 51
572 239
7667 10
1175 65
8254 130
9899 199
4945 13
3027 24
5995 43
5999 84
7588 213
7448 31
6987 275
131 73
6841 30
6718 23
4146 312
5127 49
3894 125
3047 93
7101 244
2583 28
7247 183
9420 68
7633 55
6218 289
4545 159
1649 102
2981 198
9688 54
3581 136
9074 149
1847 10
4708 152
8525 19
6716 84
8463 150
3236 86
6973 57
2002 27
8596 81
9239 17
7727 309
6319 417
6061 123
6316 36
9782 54
9489 85
4383 13
8050 36
6030 48
2515 179
5800 76
5848 515
8704 157
7939 78
3646 157
8770 378
9500 231
5147 108
9763 47
1025 255
1206 123
6062 204
6249 23
5773 245
2500 34
8387 336
7047 85
702 157
6504 192
7482 17
9933 36
7429 19
5143 34
1324 15
7524 56
958 63
5580 149
4326 11
7145 85
1710 13
7108 26
7748 318
5951 175
165 84
5842 10
7411 14
4996 104
7449 136
9706 190
6735 41
5505 139
9727 186
4442 358
365 166
4352 23
3402 167
9758 210
5282 262
726 237
7514 281
4734 10
1512 178
58 14
5291 151
6750 124
8146 17
676 19
9668 201
3098 206
2504 177
9386 73
1301 16
2043 25
3977 31
3087 204
5390 96
8382 22
8472 30
2223 68
9468 104
2144 37
3935 27
3155 29
9572 27
6353 47
8495 20
9431 193
9827 72
6567 36
5458 81
6121 42
5050 23
4574 63
4819 97
8840 113
161 31
4852 42
4766 134
8198 266
753 80
1299 244
6688 438
3079 150
6265 71
3609 199
7192 157
3773 38
7462 110
4940 86
8015 248
1896 43
7986 335
6171 370
4055 456
6792 94
5652 202
6698 183
8136 96
393 73
1565 90
4613 329
4807 55
712 61
8821 94
7292 230
1619 19
2357 84
5647 32
440 141
3105 24
2712 49
280 31
4887 169
5507 60
4250 185
4946 243
2820 62
752 97
5549 63
7304 129
7986 187
2322 117
6788 49
9073 291
6508 343
4547 49
6458 14
3025 65
397 58
232 10
5935 189
4897 76
2329 175
2081 16
166 396
3041 53
1603 125
1592 28
8911 57
3049 76
2632 197
5051 424
6875 86
7255 196
5264 48
1773 258
5435 54
8464 22
5541 64
9451 50
7611 14
3106 237
623 203
486 64
8274 578
2421 198
4862 293
1751 45
1051 74
2964 39
7037 598
9389 337
1905 34
5686 240
5009 111
747 99
8027 13
2333 33
2556 60
7143 243
6618 111
548 46
5373 386
6625 140
5425 146
6884 209
2813 71
4663 23
2850 20
8946 36
7121 110
605 230
4232 178
4835 28
9852 179
4404 184
6376 23
2556 219
10 64
2673 97
2574 38
2101 176
7075 141
6322 10
4436 83
2500 87
7622 59
9927 160
2998 67
4672 64
7291 112
4294 420
5327 210
8717 90
39 163
912 232
6600 38
7545 70
1103 43
5341 158
9617 22
3157 189
1505 104
9035 271
4164 233
3113 211
1032 117
560 218
398 88
5201 104
3885 194
2759 492
7462 18
4904 51
1649 61
1555 37
9024 21
4715 375
1517 70
7517 218
1748 12
7281 336
6503 16
3768 43
4374 264
1753 40
2358 156
274 300
3887 150
3547 107
9163 85
9025 47
8974 112
1511 136
7147 166
6368 116
5832 45
7427 11
3980 206
7552 258
4245 138
1662 133
1704 57
2912 84
4664 109
7094 199
3915 125
5783 122
5181 25
8851 254
9021 239
2940 164
2048 112
7772 77
427 29
4854 65
2149 38
6674 202
8590 36
5168 92
6902 101
4978 59
1962 56
9437 16
9794 713
926 26
2941 87
3868 17
6712 25
6443 43
4441 100
9129 80
6760 22
6564 29
5565 42
375 188
168 15
1000 412
7233 15
4594 44
2002 203
8664 111
4029 15
7813 41
1172 36
5822 120
8403 31
3000 84
1843 40
6147 49
4199 317
6800 52
2135 176
6719 184
7206 78
8188 134
9907 93
288 25
4203 81
6176 30
7426 144
5339 97
9460 88
9095 70
9180 99
2544 122
4290 169
864 80
2986 42
4967 38
5314 252
9009 178
9804 369
7343 44
4279 27
5030 155
2655 25
8353 47
6141 198
7900 78
9750 96
2520 123
8636 32
1117 20
2060 357
2653 420
5361 132
452 151
8341 195
5229 14
9401 178
9627 77
6882 153
6985 80
8428 40
3057 136
4772 69
5395 13
9864 107
9815 104
103 53
8532 100
4611 34
7466 53
789 38
4717 295
8921 74
2529 64
8249 67
6835 52
7170 95
9871 180
1473 34
7812 118
8641 30
2430 55
4374 126
7929 146
6823 54
1380 84
1856 194
7649 17
7766 147
355 32
9643 347
8574 49
3711 58
9324 142
4533 119
5470 11
329 120
201 387
5393 271
8838 27
1567 91
5451 127
782 37
4158 152
3770 12
2558 212
9266 205
5679 39
3178 121
6457 178
7349 40
1170 215
6259 39
9524 125
8839 33
651 112
5569 127
1267 171
2661 137
8142 82
9577 86
5030 97
5754 97
3220 140
5651 105
2102 45
6206 259
9208 46
9291 22
834 34
4269 98
111 109
3556 24
4400 39
4726 152
7289 80
927 71
1349 45
5116 61
5463 299
2715 79
5873 130
6906 40
1894 111
1205 24
3542 128
9702 13
8262 312
537 62
6077 22
3112 77
8291 84
6003 31
3565 53
9763 95
3269 88
5985 142
3442 162
3820 81
9638 198
7189 56
4353 24
4284 271
9912 185
2428 30
6176 148
1906 45
2655 77
5469 239
1523 16
954 162
7400 19
1169 28
2060 20
3300 129
3412 242
1230 31
937 188
3517 266
5349 89
9171 12
5615 61
7452 78
2019 34
2715 15
2634 295
6891 91
6245 144
7614 116
1139 44
9023 145
5886 429
4276 512
4781 13
6 252
8663 433
6519 57
6848 95
6934 189
5233 318
4221 12
5141 155
8607 80
1739 16
6619 71
348 84
4390 64
1376 60
9966 147
8522 47
4315 20
8990 19
5309 67
4965 34
8213 42
9932 62
1151 128
5843 596
9934 103
5088 181
9864 16
9650 57
5234 43
3662 34
695 28
2037 40
8233 71
7075 104
4494 70
893 313
9743 42
6482 45
5281 59
4565 88
925 228
5202 89
3250 298
1444 88
1558 60
7288 100
1609 125
4842 147
1443 70
9043 447
5940 17
699 31
7 36
3900 104
5812 96
5110 266
8071 79
669 238
8601 108
2929 28
333 175
7364 106
1601 98
9509 20
5538 120
7066 10
8125 23
7869 129
9267 109
672 43
3274 107
2480 55
2167 173
1321 10
1375 55
7578 48
3661 218
2571 20
101 47
6853 72
6108 25
1571 121
9202 120
3350 58
8523 99
3156 201
8286 26
6614 152
3271 139
3203 58
935 24
2606 17
8567 40
2237 49
143 116
5581 14
8091 66
5978 43
7641 10
8157 389
4311 12
8890 15
615 11
5828 190
8849 26
1492 391
4265 22
7057 65
2049 141
1805 22
4350 165
2633 21
5916 245
927 56
7832 188
5477 93
9925 273
7897 162
1471 188
6517 48
3240 23
9684 173
2703 51
1225 224
2686 17
8110 107
1087 26
2574 39
468 185
5655 130
3086 33
9360 16
8691 120
4843 56
1780 234
7191 393
7229 44
2972 100
5328 86
8950 124
3947 51
6224 26
3086 258
8183 25
9105 37
3908 84
8021 99
6664 62
8448 63
8669 41
4970 265
1575 21
7661 29
9202 46
8038 274
3831 156
9887 71
7347 147
8759 10
5509 61
8015 74
135 108
1662 49
5613 28
34 45
2974 445
7287 70
5656 566
5310 11
8306 160
2369 41
2437 14
8019 45
1134 277
1537 44
3340 238
3644 53
582 18
507 179
9922 26
4665 20
3007 268
6177 223
4959 139
8668 66
4610 16
2372 16
7564 40
2754 138
7523 163
1377 62
9142 24
1608 64
7285 123
767 30
6945 170
3953 105
2859 99
8634 268
6432 120
5567 172
9770 13
2909 326
5405 12
1068 106
1452 74
3877 37
1519 35
6895 32
5721 151
6501 42
9711 289
3639 131
9810 117
1611 64
2845 188
6502 103
9474 20
5863 506
9751 301
945 79
6192 13
8905 151
2049 440
4752 29
7496 72
9448 72
9601 155
1961 265
7044 75
7400 180
2825 59
8391 52
2234 57
8347 54
9013 146
2787 308
8750 211
4293 269
1998 34
3505 158
31 118
7780 10
5803 123
7409 64
8068 20
9618 39
6275 50
6574 73
9240 123
3672 185
31 54
402 93
3706 73
9390 60
7779 43
482 74
9606 35
9656 104
8091 257
1619 184
1919 13
8760 41
8080 142
2433 61
835 288
2769 154
2038 200
759 112
71 32
1428 13
466 504
2323 34
5959 22
1701 85
1073 84
9360 39
9412 122
8951 18
3844 82
2934 73
9676 15
7886 91
8511 12
749 257
5089 96
577 64
1087 360
4496 43
9978 106
2161 303
8782 145
7479 17
8219 22
3696 140
2044 123
7810 72
9389 426
5001 151
4008 372
2150 70
8463 74
2033 217
3356 25
2101 128
2620 182
6868 42
8630 122
2326 97
31 144
4875 114
5983 70
8446 101
7636 12
8319 10
6228 74
612 32
3075 91
8778 41
7180 141
9280 22
7891 30
8193 19
8697 124
2659 32
2150 18
1248 15
8430 114
7881 110
5517 80
3109 30
1498 154
5515 53
5111 300
2279 33
7522 241
3985 33
1105 135
6300 166
4444 70
2678 158
8414 52
1314 50
5077 411
1480 118
1382 16
3568 212
8490 55
5077 54
2518 61
7727 258
1109 47
3176 53
8719 246
4539 82
3891 170
5644 18
6934 361
8262 50
2750 223
7081 58
9448 65
7060 135
5243 21
205 106
436 121
5642 185
4760 118
8616 55
2489 25
4336 48
213 32
2264 36
7550 37
661 212
2866 10
2444 42
9916 54
8771 79
3557 62
4415 118
2742 62
562 110
5493 81
5701 49
4795 22
6084 34
7437 483
956 89
933 701
1538 336
8689 78
4569 54
9529 17
9425 220
1050 60
7330 120
401 24
6144 18
1755 124
7081 204
6731 12
7736 228
4718 15
5636 163
8255 414
9015 14
6245 75
6962 62
7436 11
8950 24
5546 28
2075 159
1091 133
7927 69
4546 199
3033 14
5556 157
4005 45
2724 94
4715 58
8926 69
8803 46
2900 344
9914 72
4776 248
8126 127
8655 14
9740 78
9270 166
3168 28
8913 151
5729 45
5405 46
3724 157
4714 262
4814 41
5782 84
3926 51
3103 34
1415 377
5877 53
4850 17
924 77
3491 309
9579 72
2506 59
6845 16
4283 29
2920 79
4577 22
7043 144
3502 163
4782 151
714 22
7782 278
3010 32
2765 22
6494 573
4402 18
7332 124
8797 95
4678 12
5497 63
4010 88
90 255
1798 111
1871 439
9488 53
5629 68
400 30
3112 160
1933 70
2897 94
4117 442
9873 198
4016 54
4416 181
6635 151
8796 49
6185 26
570 23
935 155
2074 168
7371 14
1414 76
9900 298
5828 42
3666 56
5923 145
1278 37
6131 174
1332 41
6397 146
816 75
1264 21
2526 13
4317 95
1853 19
3614 62
1750 143
5469 18
1581 46
2271 136
4369 102
9863 47
4682 142
2006 360
1586 195
1678 131
974 56
2151 37
836 102
3987 63
5701 11
1614 126
8051 155
6187 25
7036 92
1803 58
7468 139
7873 301
330 47
7025 34
925 177
5616 237
8913 88
2543 95
8342 183
8801 152
725 67
8526 205
2590 34
5991 278
8747 67
1584 49
5643 246
5038 41
4277 60
6101 33
2239 184
9033 251
8106 49
6525 24
6056 87
2320 73
6063 43
427 15
3166 196
8696 66
1588 16
5844 139
3396 118
117 28
3971 49
8036 32
3594 185
7824 42
1571 59
712 126
6266 114
4771 425
801 46
4529 89
1164 16
4435 83
8496 13
4651 431
2818 41
2577 91
1331 50
2457 106
8645 10
7962 85
1286 34
1845 149
3361 24
7957 74
1587 12
3283 43
3591 219
653 165
9606 43
9997 96
7043 98
6377 274
6601 19
1598 75
8901 35
2492 129
2335 55
850 163
2560 152
5750 29
6725 267
2394 68
4502 89
8826 67
7903 98
9695 369
7238 68
1391 28
6758 56
3140 200
2624 19
2879 10
2433 61
4153 59
1146 72
4517 64
2307 24
8321 10
2494 459
8231 11
4685 197
5614 43
8956 20
4050 181
3742 56
8430 205
7555 146
9459 281
1664 123
3144 213
3922 185
3109 433
2959 21
5997 71
6719 141
1789 52
7307 42
1627 132
4522 28
1306 145
7317 52
2666 26
4576 226
914 184
8920 18
3636 106
193 121
2337 29
2605 79
1364 220
9280 239
172 17
3454 171
9507 51
3776 59
9060 126
3264 184
6202 59
4329 22
8399 82
4542 154
3911 86
8078 53
1157 63
5749 14
9439 54
2619 64
6495 43
4164 68
4158 27
8487 138
935 103
561 163
6687 62
7575 215
299 17
8749 85
828 127
4927 59
169 237
8704 152
2775 128
9134 80
8329 125
190 29
7401 313
4031 62
1016 155
6105 81
1020 280
967 228
4715 141
4586 169
69 10
4802 158
9907 105
3297 70
107 272
7761 109
3609 13
9265 97
537 48
5312 60
5958 11
2058 57
7668 155
9765 50
9971 251
5620 40
7778 75
2184 287
1121 199
6050 83
7889 65
4429 41
6057 36
7356 217
4797 55
2703 25
1554 110
3909 115
4644 202
1300 75
6590 323
9089 13
4628 72
6911 353
2635 20
6377 106
9044 62
6691 49
9399 21
66 80
5733 107
2646 262
2185 292
5242 41
927 98
5265 354
1808 374
7388 92
4885 33
9061 122
2268 67
8074 395
4991 189
2751 196
1987 18
7524 45
3710 85
2236 95
5903 29
2991 90
2318 28
1709 20
8037 31
2630 22
669 108
8720 188
1457 68
7606 117
2269 14
6757 69
4180 347
6387 70
1543 121
7786 37
4592 10
693 153
9043 92
4424 259
3625 78
3536 27
8548 221
8288 284
7125 17
1190 48
245 109
4198 273
7438 82
5869 182
5868 10
3322 56
5697 44
6227 11
8201 96
6028 97
825 62
8338 62
3009 270
6899 100
8360 78
2244 32
2884 50
5112 302
3390 126
8310 76
2062 33
1103 44
197 189
4409 95
7421 140
673 49
1235 368
8170 216
4148 24
571 147
8084 27
7565 124
742 48
640 118
8121 40
8808 161
3772 205
3354 131
2534 24
4365 41
2856 14
3422 307
6387 34
2048 75
1447 263
2740 89
7850 19
7829 25
1085 34
4896 36
6200 38
4105 158
8636 373
4930 25
8668 232
5605 164
1750 51
3397 101
1577 71
7091 37
9916 52
8695 135
6047 149
6312 101
1777 52
7775 93
885 304
8379 42
2530 84
4276 11
8950 139
1646 159
4566 136
665 49
2791 18
416 138
9296 280
9450 80
6617 53
2437 38
7641 37
6351 61
6996 191
401 99
6203 108
3054 22
6532 240
6336 29
6239 59
1802 232
4874 19
1655 200
1553 120
4068 38
9998 29
1424 107
8161 39
9050 184
1553 17
3413 44
789 18
6678 271
8830 175
8882 26
1431 126
877 51
152 73
7021 38
4604 49
2972 34
8958 32
5716 82
7652 323
8963 134
6781 145
5997 318
8198 75
1992 171
3364 37
4715 53
454 281
7474 282
6018 203
5358 236
9216 36
8403 14
5614 68
7946 71
1228 28
6040 200
9736 183
6344 45
4193 25
3544 65
4517 126
8366 151
8147 272
3210 73
5286 59
4038 491
3694 26
6166 100
9625 28
476 322
3613 42
4453 70
458 99
7953 93
8859 34
9353 24
5824 117
6932 50
8505 79
5967 47
8446 76
5825 130
1790 103
3068 20
9528 145
9762 302
5880 267
9169 172
4599 62
8392 82
3243 14
9747 240
3475 112
1268 151
6135 152
4675 23
2176 35
1062 51
1169 239
118 27
2660 76
9556 327
912 217
6845 64
2031 16
9622 71
6349 26
3088 106
6255 157
9442 49
5544 247
1572 369
4039 65
2986 45
8543 23
6982 211
9033 55
2967 120
2462 312
622 41
3661 17
6992 378
1114 41
5662 18
5573 151
2305 37
8585 16
4668 38
5211 56
1948 291
2144 37
6943 61
2384 14
347 115
7439 264
9086 14
3090 74
9102 137
4349 99
2968 87
9100 37
9930 51
6116 86
9070 50
7376 30
8317 67
5052 130
4411 54
5183 226
5009 169
3090 72
3004 105
2130 82
1731 160
1013 160
2437 42
798 99
9483 96
7072 52
5325 13
2347 40
822 99
5835 88
9976 41
1403 72
3187 128
125 163
4750 68
1437 247
3347 55
3191 197
7748 73
2545 427
7167 30
9846 154
4217 35
6736 105
786 243
7369 20
6317 14
2057 52
5721 198
6754 23
6456 208
8379 54
9443 38
6860 74
5128 33
8795 54
8659 84
4929 23
2140 100
3396 98
7364 13
1673 39
6773 86
8929 60
3879 79
5703 89
7114 41
2522 61
6567 15
9493 80
9925 92
5691 27
2649 60
7409 363
9277 102
3672 214
949 14
2942 29
5115 95
6681 245
2772 47
1257 132
7051 37
5628 87
5990 52
4402 22
59 101
582 131
2417 202
7796 34
1013 114
6197 45
4967 57
2828 164
3070 80
273 78
7073 113
3155 125
130 22
2293 188
4711 46
6772 140
7317 244
4461 19
9776 64
7938 34
99 24
5153 46
8511 118
6304 53
6530 162
6796 265
8672 53
9137 44
6363 277
2988 246
8614 14
6206 50
3262 14
5766 34
5578 106
4966 35
146 25
669 241
7505 22
9099 46
6121 182
4824 33
9814 102
4400 267
5853 179
2719 215
8591 68
4598 17
3445 329
8022 87
4179 173
4955 69
5894 22
212 69
9053 121
5281 129
196 80
7140 48
682 78
5063 62
3775 252
7896 14
5928 348
4450 71
3013 207
5322 44
61 419
8184 376
2159 48
3023 163
6765 134
54 47
7228 201
743 62
1219 78
9348 72
7418 140
1430 29
3457 107
6119 59
2746 87
5220 248
3884 138
2606 117
2524 78
343 46
6379 35
5131 223
5592 109
2955 421
2828 96
1550 153
3135 24
9201 126
8572 56
1014 216
3904 105
3542 264
3455 68
2665 29
7427 97
8955 22
503 61
1768 41
4919 68
1070 29
313 46
8556 231
1139 511
6096 138
575 176
4386 128
8676 58
3829 70
38 31
9491 79
5620 31
628 52
5177 178
1173 161
979 95
6206 188
1592 141
4848 44
4358 26
2081 347
4183 20
6599 26
5678 293
1291 35
1453 194
3871 162
9079 97
8401 79
5040 419
6005 440
8537 47
3427 15
2491 114
5426 168
7979 121
1364 95
2829 10
5460 69
9836 46
7011 142
4281 28
8225 91
3603 124
4334 203
5634 62
5191 420
3336 93
7779 18
8450 32
1741 106
7489 101
6480 55
4246 207
5957 128
3445 147
6319 88
3197 106
7903 26
2983 205
694 202
4345 192
4988 68
8695 138
2398 231
1567 169
8719 73
331 10
5896 167
6951 83
9724 158
5027 69
8228 69
7619 38
4256 59
2007 88
2869 381
7953 269
4204 237
4965 45
3211 101
8710 52
784 118
3106 59
5993 27
638 135
69 108
3085 28
3850 187
534 75
6726 57
2573 98
3290 138
9855 258
8342 40
2255 56
860 35
4039 62
4329 237
3905 40
4444 161
535 13
7283 125
5760 42
7001 82
7652 251
1379 210
6695 21
7743 25
8192 41
1946 77
5418 41
3097 73
1626 32
6849 150
9956 39
8526 24
3192 80
8550 56
3941 46
3425 119
3082 186
9147 15
6770 106
9233 44
3489 159
567 21
667 191
9626 98
8150 326
5308 38
1023 39
1797 224
4661 91
565 131
8576 164
728 132
6842 21
8107 78
593 50
881 92
1767 42
538 38
6692 184
349 27
9054 292
9290 114
3862 64
2162 123
3530 78
531 28
2776 170
9965 58
474 26
9949 70
2621 58
3683 138
7955 56
5844 43
5117 35
8154 161
6101 27
318 131
9425 17
1420 82
5210 133
7199 179
8130 92
8150 402
7086 151
2941 25
6687 81
7421 45
7619 335
9030 52
5996 53
5822 57
138 212
9158 87
7364 107
4797 199
4388 42
9812 68
8354 37
8625 181
5299 50
8395 109
3357 127
9708 318
2583 134
286 16
7628 232
7266 35
9975 28
4949 23
7012 213
7411 129
8001 66
7690 90
4892 267
1284 74
3275 114
3121 120
2294 20
7986 157
1974 11
5470 47
7602 25
5340 139
2244 11
4575 117
3405 11
7400 166
3794 84
1734 198
5348 24
8961 42
3093 80
9359 337
5563 134
4767 63
2480 90
7212 301
5440 206
6652 110
1087 99
4929 68
7141 45
3221 307
9102 63
8706 85
9383 277
2228 107
8263 148
6760 44
1593 61
7201 19
7748 226
167 87
3300 207
4162 270
4416 35
6159 254
8850 24
4590 107
5793 180
5264 92
2844 102
4947 549
5921 29
7777 182
6856 72
3422 23
3917 30
4625 59
6304 39
167 24
5459 70
5865 170
8615 25
868 223
5809 166
4915 75
7132 42
1650 35
5242 32
5345 77
1858 209
6848 117
104 40
2904 165
6007 44
1761 63
2327 19
7245 30
6440 22
3002 24
1693 279
1386 16
559 481
6622 30
6441 34
7962 78
2284 170
2598 62
1110 52
4380 179
8823 95
3316 52
3514 140
5282 95
2644 18
8859 172
6392 104
8866 256
2365 38
4473 196
47 248
6229 45
6139 48
137 73
7598 364
7396 14
949 89
9685 240
4069 146
2616 29
8541 68
2063 52
591 546
6295 21
2951 149
9694 59
3928 87
4233 145
1014 54
8818 199
3173 44
6480 169
6183 28
1559 170
9259 232
9343 74
3357 67
2144 90
5831 64
3435 85
7455 37
5202 327
472 236
6345 35
7934 182
5306 132
3214 162
3663 19
5137 286
8931 32
7088 104
7454 28
6220 70
4932 59
6786 45
8706 169
3767 74
5665 66
8124 24
5169 21
5555 165
4181 83
6437 64
7927 27
9822 47
1604 76
5902 13
5417 56
2230 326
6905 167
613 89
8417 131
4441 53
6696 77
200 174
2647 66
2303 106
3316 114
9040 70
6292 21
6488 102
1329 145
1336 17
258 182
1420 45
4614 335
2008 278
3357 36
5080 106
3759 192
945 28
647 56
9238 15
7020 54
5452 188
3305 49
350 318
631 165
9032 107
3199 35
5804 813
3883 20
7387 65
8735 12
2752 119
2519 14
1640 25
5786 32
896 138
7513 219
3544 632
2717 88
8332 114
6 149
9929 360
513 36
517 168
2560 119
8755 121
5521 267
4752 105
3591 52
5226 122
6844 17
4496 29
3205 70
1942 46
7230 178
9895 152
5567 199
5056 186
2295 29
2524 62
796 48
1374 56
8106 173
4846 12
1204 21
1900 60
4534 179
2068 96
5396 29
2741 111
9936 228
3780 337
3602 255
5514 54
7024 155
4718 192
8054 50
4951 62
61 65
4109 62
3520 35
5382 168
9154 11
2050 31
5562 134
8828 347
2529 134
4943 77
7228 52
3039 38
8180 52
5014 148
3145 254
6734 56
9794 59
9394 61
1821 106
4701 531
3138 25
5794 14
3566 97
6742 593
9803 136
8742 15
951 49
7309 272
7660 345
1910 100
9725 68
8517 53
4190 96
4355 137
8504 46
2082 156
6747 73
1056 139
1969 38
4054 143
2012 50
6312 284
4569 27
5807 36
2168 95
4410 23
7975 69
1152 15
7134 236
3607 36
6256 461
4100 24
4757 88
9828 41
6683 12
8930 96
2922 50
5878 68
4356 18
7590 20
3204 458
8594 178
3379 293
8740 95
619 170
3582 53
5800 82
150 97
4825 247
3821 31
1102 98
1801 48
7848 68
657 14
2175 40
4770 262
3500 101
2047 33
8538 13
9378 38
6230 60
1258 72
9785 79
1036 22
6118 269
3115 194
4669 159
9260 13
2868 46
6985 56
8298 140
5363 14
6221 46
8600 135
3745 147
5756 30
3381 163
903 368
3217 102
1258 59
9164 226
6887 168
6795 90
5176 107
2885 50
2492 287
4996 109
1062 205
784 104
5045 160
154 42
7985 125
2440 101
740 118
9293 41
7938 111
344 189
165 117
8720 77
3620 120
478 22
5326 28
8429 61
16 41
6522 97
9921 56
8109 31
3813 45
2656 35
5424 32
6851 55
6988 195
3997 79
203 120
4869 60
1869 153
4177 70
9624 81
8990 86
3640 163
2057 217
4721 395
3657 23
9589 152
6803 32
673 56
8308 16
7438 14
7078 96
8755 72
3847 88
1816 90
292 40
8836 187
4140 178
9926 83
702 217
319 217
9421 96
6834 189
6548 77
2228 17
4542 66
9071 95
9681 26
1318 97
2960 30
954 377
5800 25
3821 211
2713 35
429 108
6186 69
6416 71
3531 153
7595 324
7123 127
3546 11
7380 38
61 152
8291 35
5557 57
6634 203
1977 38
3929 64
499 14
891 38
3894 101
6627 205
3553 66
2363 143
6359 118
7169 33
3167 204
3546 110
7251 111
191 16
2651 90
7741 54
678 15
6677 15
5702 231
8861 479
1305 92
5412 51
4443 63
1464 327
8653 37
8868 116
7627 264
7032 70
946 94
188 104
1823 81
3422 108
8791 98
8118 116
260 59
6012 245
4409 254
2856 52
6519 106
9819 27
6684 23
7050 86
6664 94
5129 14
3625 176
2942 61
5465 120
1756 19
1365 366
6497 36
1397 145
9744 53
4315 521
6990 91
876 50
9426 60
2963 475
8354 105
6455 61
5992 177
6103 41
1279 246
8677 210
8965 21
3123 156
432 156
8454 10
8565 63
1540 125
580 262
5666 46
3618 51
2984 117
7309 319
3219 131
7236 122
9231 72
1810 44
2261 78
3212 109
8204 77
9075 179
4331 175
9661 149
9812 143
3815 137
3082 214
7514 29
7056 75
4188 44
4196 55
5560 137
6334 40
9820 30
4597 76
767 99
2015 59
1145 70
8196 197
197 40
2851 25
7301 222
4158 17
4163 68
5397 20
6378 27
169 77
1723 250
9064 289
37 54
9055 105
9849 94
4245 69
5784 44
2942 41
656 198
3014 60
7603 264
8960 23
7178 98
9988 16
2314 317
3604 169
1247 43
2661 255
5551 56
9249 365
5631 170
3499 106
1396 38
6688 27
3167 53
8272 43
8614 158
3901 20
2269 70
9561 24
9975 27
2990 169
1548 108
3939 145
4333 22
2975 20
3015 136
6918 27
5607 20
1216 204
2292 22
9580 59
8988 82
6373 18
2056 54
3492 297
8139 201
4413 46
2032 111
7129 25
6213 256
745 10
6385 77
8085 171
7591 32
2490 107
8531 76
9188 37
3930 149
7461 55
4216 11
8966 69
886 27
5555 215
9538 61
269 136
75 141
5914 55
4295 36
8270 95
4480 57
3331 117
935 124
4735 50
9194 86
1089 135
7413 87
7880 72
2091 149
5823 107
8529 96
7170 66
425 65
6529 66
4321 116
9939 108
3858 34
6481 83
2264 28
6272 107
325 133
4912 28
8694 84
6705 106
7464 164
3945 69
1278 166
5258 153
2605 16
4459 32
8738 18
1010 20
9968 55
9430 96
5712 366
5378 28
2919 135
4905 211
9423 118
5208 101
3568 77
6017 159
5666 201
4922 45
3902 68
7869 153
9443 47
5505 236
5169 42
3041 106
7751 405
2307 14
4570 26
1624 277
5674 198
7561 53
2838 82
7282 51
1474 140
3641 18
9479 96
8079 81
2127 87
2579 56
9774 28
6492 88
8150 234
4287 28
798 80
6615 43
7550 88
9896 290
1930 226
9478 130
2410 127
3650 22
9656 16
338 79
6440 89
6970 256
867 74
7038 220
4683 105
9423 66
183 96
5513 84
3945 22
1548 38
6991 299
9330 77
219 96
3634 119
9244 58
7827 148
4935 76
3034 14
3495 74
6332 126
7107 76
3209 19
1305 269
2298 76
8511 248
1561 72
5817 44
8138 85
1998 125
1251 15
5655 242
9772 42
7862 68
44 14
45 72
4905 133
261 86
2469 284
5552 190
1110 95
4889 43
7593 53
6765 80
3613 54
5867 10
6922 109
3028 13
283 129
5142 74
5126 87
3861 224
5534 79
6444 66
8301 282
511 48
354 97
4181 17
4958 50
1546 40
2811 24
5048 389
5672 212
7994 54
6413 453
7753 23
7099 189
3796 30
8121 128
798 36
5349 200
6260 58
3692 23
913 172
9732 19
7635 169
6660 233
6424 94
7650 30
5784 65
4755 92
8381 269
5328 20
4488 36
2716 116
9863 36
1873 50
1409 50
642 20
1136 42
405 90
4023 20
6005 107
8889 42
393 50
6319 182
4035 281
2367 119
827 108
2794 55
9268 95
8370 42
8092 100
9438 16
9417 60
4217 113
7805 157
8735 109
3328 83
4904 49
7492 36
5051 101
6521 666
4493 145
3462 165
2206 85
2714 249
7000 129
4025 157
6082 70
9157 28
3563 12
2394 15
7885 14
4154 122
5355 328
5471 29
8195 41
6698 96
1215 75
6159 43
3160 25
3824 244
7453 27
6598 46
9841 56
8801 120
146 45
5936 175
9037 112
4743 54
8282 167
2238 188
650 154
2991 73
6206 71
4557 12
8314 36
6483 28
6204 38
4163 84
6136 46
1132 38
9194 110
3392 21
1833 175
9610 433
2455 46
4825 58
3569 80
2196 41
5173 105
8689 60
354 11
2693 56
4384 85
3317 84
6230 24
6034 40
5010 190
43 15
2566 40
7946 17
2061 72
3956 47
7195 125
2611 311
8007 143
8885 36
3407 30
4423 48
231 13
4121 461
3430 123
5272 84
9894 33
8219 65
4600 61
5014 84
2464 121
646 141
4886 33
9753 74
5314 172
9621 114
8950 234
6984 213
1741 190
8241 102
4604 51
6434 47
3914 247
6150 309
1365 51
5062 174
7908 91
2562 98
7542 166
6569 26
3934 148
7107 177
5406 46
5295 133
8749 94
8819 53
7668 290
1590 176
5606 152
4112 26
8637 90
3792 63
2410 81
8378 322
2933 74
3972 113
8341 121
4247 191
2509 258
1819 210
1301 19
1219 75
7929 139
41 431
815 26
1046 239
3632 16
6826 13
7397 373
7283 33
8135 125
9950 379
1532 51
4934 46
5638 56
9320 61
9073 212
2465 24
1323 22
8409 132
1535 13
1172 29
3320 84
7914 128
1477 124
7781 16
7805 51
6118 152
6869 77
3851 61
2011 195
9969 15
379 89
1866 266
3696 67
629 17
2469 153
8671 20
4443 15
9052 11
7417 30
6551 134
7613 16
1534 244
5948 25
5360 31
3106 20
7312 55
3549 99
6307 80
9307 64
8265 62
2195 11
9943 76
7966 28
5218 166
8692 187
5372 175
7517 131
8932 10
4277 174
2189 20
6537 84
3347 135
3116 53
9449 30
5045 176
2912 106
9154 50
7214 231
5299 45
9189 78
8490 159
5943 110
7015 52
3254 19
2742 202
1344 45
6870 340
3411 173
9128 24
2668 91
3557 24
9890 225
3048 118
737 119
7696 56
7875 108
8747 30
4913 192
4879 17
7097 46
7079 226
6003 41
8115 217
5710 187
8835 15
6273 22
9865 24
5650 130
9415 144
5964 62
6790 50
459 159
3935 20
2257 215
6393 12
6076 83
1072 58
4907 102
3259 22
8264 120
1131 51
995 70
5081 38
5137 89
1453 219
6448 197
4438 127
4078 58
8738 60
4363 80
6736 263
1999 75
521 77
9480 90
3304 129
3587 75
9239 35
3920 16
4699 60
5528 56
8630 72
4314 136
9870 103
8747 56
8691 62
1621 126
3575 26
3474 122
1100 108
9846 134
6359 41
4480 65
2803 72
777 157
9916 67
2502 92
8242 136
997 42
1554 81
7728 12
8304 218
4508 110
9790 196
2560 70
7327 164
6081 429
9584 82
7390 203
1103 106
4378 59
1447 39
5554 59
5727 85
4588 76
4668 116
182 253
85 18
8941 65
6309 10
6161 206
4488 31
7085 43
1066 29
8410 24
1790 265
4262 88
3352 300
2339 178
247 68
1328 356
792 23
1785 217
5766 176
2999 184
964 154
3003 64
9518 86
3044 241
7949 23
8909 303
6336 152
5338 106
2635 21
2251 87
8143 65
610 156
6008 12
2398 78
5877 15
5848 39
1389 17
7838 11
7594 40
1896 252
2343 297
9999 91
5269 242
549 163
9235 85
4692 161
6114 62
4875 199
5572 96
1321 204
4864 20
9424 266
8973 92
3438 104
1415 78
7900 102
4687 240
8663 73
2165 82
7220 45
8812 115
6936 54
4396 161
1074 229
6986 223
3651 62
5522 64
3715 32
9668 20
9140 31
4434 27
7782 12
4195 35
3920 67
4928 98
4352 114
1002 406
9355 15
4395 49
3022 49
5421 223
5187 82
6923 74
8538 335
7258 98
6263 23
2492 450
6433 259
8751 63
5724 109
5559 81
8226 52
8384 31
2879 161
4060 182
2291 141
804 75
3186 171
5750 29
6539 58
6231 22
6897 36
3070 128
2020 58
3033 149
5260 35
5249 54
1778 54
7585 11
471 11
9168 97
475 417
2643 78
3210 71
7561 17
9255 112
2581 100
4090 132
8754 432
5940 16
5114 166
9025 41
3629 230
5979 197
8620 18
7455 125
1940 109
1145 47
6936 32
6771 167
9056 15
904 97
1183 24
4172 134
4555 395
3166 34
4749 39
3447 30
4238 11
6398 195
3542 51
2328 12
2576 38
3255 81
5289 22
3931 108
5987 299
170 13
1225 30
3121 33
7561 134
5086 14
2494 39
2495 40
493 56
5624 219
4241 200
4590 196
9865 132
9217 160
19 94
1831 24
2239 279
4818 433
6134 221
79 22
6057 366
4098 65
6321 38
1505 11
42 31
1217 12
6515 112
1254 123
1353 53
1068 428
9793 92
2963 45
8819 163
9243 70
5978 17
4133 91
9189 20
1450 71
5838 82
4717 17
2846 55
5153 70
9288 12
5760 44
1611 217
9099 152
9507 35
6882 175
3492 49
9894 352
5676 25
1893 20
7884 345
1707 23
9449 62
8581 201
5359 116
4633 84
1635 28
3465 25
3218 44
5999 12
7905 32
5804 16
7369 67
9266 241
2516 321
2183 27
4175 36
6285 272
8886 230
8212 169
2758 54
511 403
5320 125
855 59
2977 177
2119 34
9661 21
4712 129
8795 124
7442 304
3434 43
3159 47
9128 64
539 34
1391 15
6797 92
8389 39
1767 29
2596 265
2022 134
6290 209
7433 188
1842 342
8344 97
592 42
4396 16
113 55
2618 31
8979 90
8836 26
1645 45
6362 92
2640 47
3325 659
5490 135
7504 75
6826 82
1461 33
3899 21
2656 93
7083 79
987 18
9957 69
5514 27
7344 56
4450 99
6831 62
6657 66
3211 68
2441 45
7855 452
1614 49
7934 63
6304 70
6311 77
4504 67
8602 10
9526 50
9417 73
4636 41
9629 108
8345 18
6617 38
8405 101
6012 98
6521 158
6712 15
327 62
8875 148
1376 99
588 147
5259 82
2730 15
7443 110
8300 431
519 92
7116 127
8490 275
6108 98
7700 84
2426 284
8924 152
2754 73
8703 62
3565 119
6089 74
9074 173
8879 74
4498 138
3048 60
672 29
2957 158
780 272
6330 55
7576 57
1654 30
2258 14
1695 111
4322 450
7216 248
3101 184
1982 200
5150 12
3138 40
1832 35
8810 77
8094 199
8976 21
6284 78
6035 142
8498 92
6874 131
8091 26
2079 32
1215 81
5583 90
6105 173
6636 48
1002 23
6126 53
1208 91
7675 159
8378 50
372 50
4857 153
1355 228
7513 128
4552 88
9154 96
16 35
7081 41
343 235
5882 101
3902 51
9431 41
3713 11
2239 167
6887 31
6079 118
1022 84
2426 102
8377 70
7820 43
936 35
7427 56
8148 60
9061 67
136 58
6477 215
9262 38
7854 41
519 182
9959 174
3938 112
8289 203
3866 35
3656 28
5852 103
7046 138
8984 99
4077 302
6741 59
8810 78
5932 36
5816 37
5549 207
1673 89
186 97
5714 39
9692 166
9159 180
7935 100
725 323
3444 73
6493 50
8129 40
4258 141
5311 88
4112 370
6254 110
2384 57
7151 25
11 397
9848 125
3640 115
4956 225
4878 21
4691 49
3116 163
8305 25
2528 17
8185 168
4747 107
7226 199
309 167
3993 383
3486 98
8802 209
6825 22
8333 107
2267 123
5799 121
330 104
6283 44
907 245
5428 210
4201 22
8302 61
3424 38
2782 28
1052 84
7944 88
4183 149
7986 56
3019 32
8388 284
8043 24
7062 80
7862 33
5764 42
1645 15
1795 85
8257 77
3646 56
2350 52
349 80
1557 34
6032 48
9186 24
6197 134
4450 54
3938 495
6022 32
9875 48
2233 199
7703 118
7543 212
6156 208
4365 42
3575 66
1624 100
8056 88
741 31
6286 51
7607 77
1357 99
4704 75
3229 43
6827 202
6688 112
24 187
4534 143
6458 66
857 120
5420 277
6547 101
8982 245
3494 118
2764 29
7776 306
529 187
7247 81
6711 11
8901 50
8048 40
1328 27
490 14
3244 32
7723 113
197 22
471 98
4166 35
8444 84
7444 99
2837 11
888 190
849 84
4347 52
4747 14
813 174
3168 74
4753 16
6611 94
4827 100
63 18
7273 47
2300 29
862 103
9383 103
9936 127
6420 180
6689 92
3737 98
857 266
7031 214
5705 55
8136 22
5220 82
1661 44
8847 16
9172 126
2979 34
6777 109
914 25
3392 81
2839 174
7484 190
8789 54
8670 108
4812 382
14 60
2240 26
9436 228
699 175
5437 94
9900 58
5281 138
5066 41
1825 14
9420 199
5206 178
6613 263
4064 80
5513 390
5633 210
7955 83
5706 70
4958 19
990 10
8911 101
9029 90
9924 103
6381 188
7488 116
4332 180
444 117
7830 369
7448 32
2004 174
5234 255
438 32
4171 92
9373 102
321 369
2249 307
865 218
2848 96
949 48
8251 17
1149 23
3060 125
6873 115
4288 28
3060 241
9837 237
7501 85
786 140
8197 48
4393 12
4176 174
5735 20
8925 87
2683 88
3146 233
1507 37
7500 36
178 16
1229 47
2441 17
5506 280
196 58
5817 215
8795 329
3818 39
3634 144
7040 71
3412 102
4407 127
617 117
9395 241
7107 130
5974 22
91 295
865 21
8851 187
2395 39
9430 97
3041 139
9593 49
4038 36
6007 47
7480 21
9118 172
9475 101
6874 83
3638 42
5421 334
2616 85
1561 55
2397 32
8116 64
8313 12
3173 142
6559 78
1103 202
6572 16
9435 113
1926 56
1512 70
9702 130
6192 28
7656 110
457 70
6422 47
5041 75
8480 96
5082 248
8256 72
4316 289
7661 19
3081 67
4508 46
667 148
2816 19
4278 25
5575 117
6521 25
4830 73
2737 102
2429 82
5407 64
78 37
1281 115
8092 134
314 65
2006 61
208 41
971 124
5516 108
2067 71
6231 93
376 19
5319 128
8250 79
7904 23
8293 189
8917 46
9326 96
3730 35
1312 103
2822 210
8496 26
2242 39
2515 74
5673 25
1062 55
7232 41
233 64
833 165
5260 179
7115 16
9732 10
8374 76
3622 128
4362 32
8611 102
8589 197
7079 22
4521 68
4951 84
4084 11
5610 94
6447 234
5205 289
9847 52
7347 31
2946 56
7631 219
2127 55
6292 323
5196 47
3178 61
9099 79
5163 42
3272 150
4510 109
917 121
3136 355
8198 128
324 75
9671 16
9313 37
4746 63
6588 214
1756 46
545 21
153 292
8402 30
4306 125
6972 115
2580 19
5379 183
9811 259
3115 78
9464 164
669 25
1068 227
618 83
1868 138
7205 115
9831 221
7750 52
3271 11
1317 111
7704 22
5680 98
4417 66
5610 281
5565 180
5504 96
7487 12
9898 107
7485 217
1100 31
6919 32
8877 241
2482 30
3689 50
2839 53
4689 92
2025 56
7918 70
5169 19
4714 143
4737 251
9666 48
1717 178
1009 30
960 55
4087 162
6496 174
8853 316
8187 116
5772 155
6361 46
6875 54
8406 33
4552 92
6324 139
7684 28
4357 323
9025 31
8927 14
1055 181
4946 229
8664 10
7476 10
5873 99
5780 17
570 229
9308 60
6890 279
867 162
9023 72
7368 239
3528 50
9177 15
8442 47
4701 41
9316 34
2978 200
2538 18
1439 234
3070 132
4687 481
8822 30
2343 94
1037 88
4796 113
4655 59
7772 75
4452 182
2249 77
8843 138
4383 82
2358 147
4770 268
8354 18
5456 126
2192 115
7541 187
5233 249
5496 38
1258 50
743 36
9333 185
1125 227
7211 82
1764 37
7667 58
7374 95
9434 13
4848 137
877 62
3769 278
2180 318
3184 111
3917 258
3008 172
4607 39
696 97
2091 17
9353 382
1087 129
9385 15
2319 39
7346 18
9779 83
6126 102
6197 77
6116 45
949 17
8019 150
4555 76
1377 247
8339 82
9223 26
193 269
4158 43
8359 119
2882 141
5034 182
6170 18
5581 175
3763 57
2373 100
2612 30
3982 127
3889 95
564 73
7940 50
8962 190
9380 91
9669 88
8391 145
8639 35
6022 66
7031 490
9819 69
880 239
3864 40
3541 133
6403 18
8915 212
8932 119
688 193
3455 51
7679 131
586 267
1597 83
9425 130
6712 236
2821 43
4583 121
9368 151
2144 152
3815 16
329 146
7919 42
4654 304
8556 250
8358 227
5153 71
3908 100
8472 105
5954 16
9303 75
1826 154
9396 151
6689 30
5393 49
1926 73
4618 33
5656 15
9606 95
1203 48
3002 25
5886 54
4527 43
6753 32
2881 36
7675 10
4349 28
3386 89
9608 160
6738 67
9668 141
8803 166
1567 44
2328 266
8673 136
1277 319
2358 14
33 31
2659 36
7708 45
4532 62
3363 152
3888 120
2956 211
9675 89
8278 92
5767 93
8280 60
2255 58
1361 116
8805 52
9832 93
3816 224
4241 12
8473 13
6853 54
8792 45
2642 222
6548 271
9774 179
5633 89
1592 67
4314 328
3316 150
7171 54
913 128
7188 132
1146 43
2251 53
8816 181
2714 14
1362 159
5965 168
2810 19
5962 63
2305 356
3961 66
9 864
2346 194
219 156
8042 216
5543 49
1869 106
5173 250
4796 172
7484 92
5399 71
5460 34
2296 57
7615 605
5079 32
3108 28
5897 116
5700 249
7834 19
9123 577
7977 266
6676 24
4461 221
2403 499
8684 34
1820 53
6120 56
1603 170
3378 90
8142 37
9793 142
459 48
4758 467
649 27
523 136
6167 333
8337 90
6092 17
1043 100
9336 340
1673 149
1948 20
2310 14
6369 184
4126 43
310 14
9352 41
1734 456
6726 45
309 387
5757 122
9155 205
404 31
3764 174
6127 85
199 20
8228 193
5954 90
7111 24
3039 185
1623 154
5036 19
3163 12
5495 171
7865 10
9652 206
8391 187
3447 344
4497 13
3198 268
2100 23
1392 74
7347 14
816 195
9478 308
4281 157
8553 31
904 80
9324 51
2777 46
2489 39
2626 162
1153 283
8740 80
9774 123
1309 188
1637 175
6608 57
5963 67
4502 321
5045 266
9606 111
8971 81
3196 95
7019 13
3100 82
2648 28
917 43
304 158
2397 68
7114 215
287 122
9533 13
5047 21
8101 22
488 106
364 120
1366 121
6337 63
8540 61
3833 70
257 197
6380 96
2718 147
3977 151
4782 121
9044 44
8261 100
2426 108
1524 170
8120 47
6538 112
1237 82
7065 51
913 17
1515 147
6531 267
4362 552
9558 97
9754 36
4504 37
8975 11
4688 23
4272 27
3648 31
9117 86
7223 11
2215 21
3191 159
2842 25
3580 353
2559 22
6712 177
9606 34
7602 59
2970 118
4978 207
8484 139
8974 75
9059 44
3164 51
1176 47
1592 42
1356 11
6730 156
4416 113
8685 149
607 56
7296 113
5890 17
6603 25
2397 115
466 17
4885 16
2835 59
2373 161
4197 77
5824 184
8835 197
5250 23
5525 215
8006 16
2998 147
162 330
5860 58
9082 20
7588 153
9984 40
3049 37
3970 83
6516 74
6149 23
6785 74
952 35
4307 159
8500 25
4574 32
6916 18
8824 22
1022 75
920 41
286 104
3865 18
8556 46
159 66
6979 147
7480 21
9396 77
3835 114
9356 44
6398 35
6815 240
5399 56
9569 52
5125 150
7900 54
6183 34
9342 55
8240 34
8168 183
2252 74
9147 123
5901 54
9360 168
9207 12
9914 76
8406 16
1712 378
4253 97
3708 164
1623 22
6000 31
5176 75
4374 39
3582 38
2489 10
7763 22
6792 10
317 19
918 76
1402 17
1787 30
458 108
2328 153
1299 19
2575 55
1555 78
1651 182
8794 93
4224 19
3427 174
997 14
3195 44
6549 23
6447 155
1660 34
4433 11
2627 147
9948 40
2370 32
2663 42
5931 60
6320 28
3521 431
6802 39
8661 355
8862 271
4078 144
6894 288
3112 69
252 138
5253 25
3759 99
4856 134
9989 49
862 68
2900 77
5815 213
6783 96
3936 62
4475 19
1123 50
5925 156
3177 29
2128 131
9867 122
3624 192
4518 34
3308 171
7878 107
1876 49
7938 30
2671 180
5633 259
6642 183
8834 135
8875 10
8510 11
2754 28
9571 157
377 84
4036 128
3045 55
7278 12
4886 42
8483 393
4687 95
8094 68
5416 86
8669 151
7495 48
6726 36
2140 150
262 60
5670 14
7390 240
4467 105
8106 59
6919 110
4017 127
4001 158
2509 66
5205 143
4982 43
7702 96
9741 242
8829 119
6927 13
103 74
6153 144
9815 23
1378 160
1051 15
1502 277
786 223
3820 281
6255 13
6777 45
1491 51
1895 65
2506 22
9848 195
8614 147
4408 10
4028 279
339 56
1187 23
6886 348
1430 24
4329 11
5635 233
7904 58
8474 24
7048 93
6878 214
5122 41
4539 184
4646 138
7761 11
2330 86
4591 119
4016 79
6557 111
6139 232
8854 45
6271 121
8518 42
1524 11
6616 243
8987 12
2999 43
7750 116
4616 26
6069 69
2246 25
8018 16
8285 112
6330 129
9397 62
1915 174
3821 100
9777 14
1604 92
5465 164
4524 198
7501 29
5482 16
8791 69
154 206
130 169
2277 11
7032 29
8116 148
7235 208
1584 438
4543 104
9864 12
4687 58
3545 14
1948 14
9422 49
2328 652
667 70
4244 49
6664 27
1261 66
1408 30
585 31
144 191
5516 16
6825 33
714 442
4400 163
1056 56
2782 21
655 130
1508 102
9047 177
4133 61
6666 24
2581 92
4514 240
8599 128
294 65
9054 115
7699 104
3655 140
2217 108
8010 164
5783 40
8597 114
3473 83
4577 101
430 86
8585 82
1784 52
5090 112
8911 93
1215 11
8173 286
7033 17
5595 10
5711 138
6914 102
4327 24
2957 69
4415 238
8821 12
7126 84
3508 224
2534 244
9071 74
6303 12
4263 79
2505 74
4950 95
2916 153
4590 45
3983 98
4372 27
9781 139
6015 316
1323 14
3416 47
4224 275
4699 36
6228 156
5780 185
4530 66
2815 74
7702 156
4024 148
4591 142
488 109
4520 110
571 90
1769 115
2056 232
8854 59
3163 79
3385 43
1594 269
1381 164
9549 110
8006 271
2953 635
3905 34
8268 131
2373 107
4296 100
7617 66
984 13
8599 350
2163 18
9420 24
1858 235
523 102
1815 222
2697 92
1707 94
2361 198
1781 226
2104 40
8402 30
5338 14
542 65
6568 54
4697 444
3713 88
3260 36
5954 33
6518 61
4943 35
1914 19
3208 229
6637 156
443 80
9594 177
3081 17
1551 14
6307 186
8540 60
4687 19
1795 122
5572 78
2551 21
9811 381
5414 27
4671 23
9292 241
122 51
7069 107
5191 98
9488 33
7224 94
9340 283
2074 22
601 76
140 49
7784 45
2764 84
3696 24
5434 137
5874 116
5575 36
3498 102
8197 204
848 72
3028 322
7212 415
6707 23
3163 132
665 111
6070 62
5969 42
9603 46
4196 542
7733 218
1452 17
1212 11
7179 34
1286 68
1537 49
3895 46
3812 49
5474 49
3818 31
6156 13
8626 112
615 590
6346 97
2658 282
2275 175
9495 157
2686 153
1168 185
7679 242
6225 88
1549 317
7813 74
8593 12
3193 81
8860 227
3897 46
3575 146
6889 84
401 38
6861 346
7382 96
4048 33
1169 144
5536 193
5075 27
5698 301
8772 127
7680 13
7344 171
8305 270
8200 60
4855 115
8930 31
7368 124
7183 142
4225 78
4971 28
7857 114
447 457
1616 33
8985 194
4063 75
3847 196
2657 27
4794 142
147 123
1154 55
5490 107
6976 127
7789 108
3674 321
7912 251
7497 52
4749 310
4029 161
9318 71
6536 85
5372 181
9819 63
2543 139
2192 118
4938 171
201 51
5772 110
5924 45
2186 96
7343 48
8112 32
7767 225
6828 37
727 33
9279 20
501 66
478 155
66 24
5789 62
5550 68
1075 59
5947 265
3763 20
3066 222
8319 170
55 50
8885 21
6566 108
3096 13
6041 417
4248 107
319 165
4013 116
1315 122
5088 322
5294 21
4600 59
9005 35
6825 124
72 119
4855 496
732 61
163 187
1323 385
3931 116
6259 166
288 22
7354 13
8594 78
1358 85
9996 16
8965 161
4320 258
6800 146
8328 15
5882 37
8936 31
8234 39
2448 37
9699 12
6521 23
1868 81
3719 54
3778 101
8165 47
1377 41
4945 173
4479 36
5624 234
9609 11
366 30
5020 84
3464 124
9368 105
9926 132
4604 290
5121 40
379 196
4238 65
4503 39
8593 122
2245 94
3572 88
1813 96
9766 215
581 15
11 245
2392 218
4367 56
9497 113
9918 27
7265 47
1795 35
5555 359
6361 183
2485 14
515 401
636 52
1682 447
5476 116
6637 41
5958 31
7151 12
1 43
5339 36
3077 69
8307 47
9359 29
3285 139
6118 156
5199 76
7865 36
3418 78
220 27
1381 54
7206 124
8396 74
1938 129
8684 233
15 54
3174 280
4609 189
9897 17
7882 151
6973 300
5829 118
8680 55
4628 459
3097 87
523 169
5271 112
8270 97
8628 40
6298 17
9229 127
6490 100
2677 311
4279 32
8029 64
5805 39
6588 21
2404 69
1531 151
6480 114
3115 14
4240 10
2658 16
3258 52
3461 112
5437 50
2189 93
7625 155
8872 108
8327 108
9202 74
3535 124
2199 176
9028 101
9698 115
6390 22
7698 197
8338 203
4548 72
2950 55
834 229
2468 231
3449 69
5000 48
8801 108
1511 90
9303 74
8600 19
6450 136
368 14
1567 181
3249 324
7543 32
3813 73
7885 79
63 122
757 18
3848 58
5410 380
9994 81
562 70
7287 30
4602 80
9334 111
9997 104
955 38
5738 49
9731 24
3960 257
3093 56
8583 53
6677 290
8067 178
7269 202
9331 16
2351 144
5545 467
990 57
8632 45
9304 62
6765 237
5212 162
7460 110
88 18
6506 212
5981 104
42 22
4719 121
4534 41
6404 162
8678 115
416 64
8751 82
3397 111
1267 52
4794 113
8950 46
2609 27
8826 54
5978 128
3350 43
8274 197
2299 28
3812 96
9319 154
7342 120
1913 234
4330 119
1429 92
6956 163
1686 66
7078 83
754 130
796 118
5428 98
840 43
2556 52
7563 12
8232 100
2927 21
8929 27
3887 44
1816 214
3481 74
1537 41
1236 18
8806 42
3573 260
3302 285
2264 258
7679 103
3164 209
9378 39
8949 278
7395 74
4934 38
6516 177
441 36
6858 142
1968 22
6885 75
8717 239
127 295
3443 238
1454 141
6756 27
3546 38
8983 32
2545 191
3300 20
8202 177
5234 16
810 35
3625 18
6220 200
4225 104
1964 36
7151 92
2320 39
2693 117
5642 606
5568 143
4079 274
1720 29
705 13
2311 236
3105 45
8667 57
1546 41
8685 47
4019 18
5883 95
3840 15
4988 116
481 56
412 397
6824 111
2384 60
6434 383
5334 91
5743 15
5933 99
6423 252
3526 27
8207 115
2571 59
5006 107
5510 30
5943 126
2760 50
3224 16
8821 52
4988 20
7445 126
3648 12
1242 149
5635 151
5859 59
5527 107
5261 53
8249 21
795 313
5811 101
1152 73
4250 87
3110 107
702 219
827 290
4644 57
1932 198
2783 194
244 47
9260 162
1683 36
1193 141
7793 188
3241 60
4467 39
4000 57
291 175
2128 115
3461 116
5617 130
6206 22
6045 41
1599 108
1209 143
7242 103
4128 139
9305 257
4359 36
4234 150
5197 38
3375 183
7209 37
4852 123
2011 95
8421 57
1854 128
7915 175
4285 128
2140 13
9031 177
1714 131
4341 16
6677 127
6629 89
9904 295
3103 81
9651 30
9304 161
9900 80
2789 271
2837 104
6260 48
8994 24
1233 231
4988 70
6440 327
4660 149
8559 39
7118 34
4616 25
1766 27
3061 16
4608 33
5593 66
1660 57
8696 223
9675 107
7187 11
3110 32
4046 107
1096 33
9515 100
8305 30
2548 21
3477 92
6014 63
902 20
6332 64
6650 48
7782 61
6627 132
4635 241
8363 216
2654 86
7637 93
3668 196
754 175
5057 26
3550 418
8700 45
6433 114
720 47
2224 21
8032 28
1080 120
1554 112
4756 15
1064 74
1273 31
7076 58
2694 86
2864 91
7953 196
6085 79
7429 31
7646 22
9498 206
657 68
1658 106
7682 30
5092 14
6640 32
6561 140
8958 367
252 56
8805 216
4697 250
2372 50
3414 24
1251 250
6255 10
8031 60
518 145
3330 40
3707 86
1141 87
2069 37
9814 28
649 69
2080 31
6774 78
2244 695
1365 28
5866 64
6140 98
7398 111
6884 29
3863 28
2402 396
1770 103
7788 147
7819 40
798 99
7518 207
7804 35
8328 134
8565 156
8141 138
2413 21
3863 131
349 58
5957 33
4796 56
8321 140
7044 124
7119 90
7073 129
2065 261
6425 178
2260 133
7237 732
5550 47
7764 241
1630 103
5008 19
9712 27
8242 217
6539 71
7413 543
2536 47
3203 24
660 84
6778 258
7531 46
7032 106
4403 13
617 39
5661 164
4130 34
962 132
8970 31
4846 160
6034 206
5884 38
7973 66
5547 91
8384 96
8343 86
884 120
7208 16
6317 60
6698 235
5709 154
6776 39
384 167
2761 181
632 399
8669 207
4335 39
2021 58
839 629
6098 23
5361 145
8696 53
6010 50
745 129
4101 32
5074 144
4538 46
9653 36
3523 66
4017 45
5303 79
3526 168
2863 33
8621 228
6200 35
3333 43
6081 243
1063 20
9581 152
504 154
5950 56
630 147
3991 52
9224 61
960 170
8852 46
6295 121
1438 21
8853 114
7323 157
9866 258
4467 381
8503 80
4798 221
5046 41
90 57
8892 52
5248 603
1520 32
7103 18
3890 30
7528 125
7360 228
6773 93
3895 51
9603 54
1226 233
3898 41
2559 150
5392 293
4277 114
3869 291
6786 98
4364 171
802 137
2885 39
2953 71
3003 398
9989 130
9450 123
152 16
7169 96
5260 52
6050 175
5625 73
9282 17
5172 101
4017 381
1328 39
5963 12
8965 198
7803 31
4162 36
134 72
3767 36
5261 42
3840 75
6739 66
7809 252
9343 474
1801 222
8831 275
7836 20
9782 23
5764 36
3991 146
5498 190
6853 508
2546 59
8015 102
2387 62
1523 159
8453 133
8062 85
842 20
2094 284
408 24
3813 43
1730 54
5552 15
6326 112
8764 24
446 61
5872 190
6256 89
6441 13
7890 342
4160 84
546 107
9669 317
9688 60
1712 230
1001 14
4438 71
3806 83
7862 131
1091 198
6795 237
8587 197
2 78
678 12
1776 83
29 16
5164 625
8464 75
8816 186
1691 87
3698 58
5541 27
8973 59
4249 123
7030 88
3066 35
9410 100
3451 33
2768 308
6375 105
7074 10
2315 106
7505 21
2051 217
8356 17
8088 18
6335 173
9302 40
500 167
3400 24
2058 146
519 202
5100 125
8964 29
8114 42
6842 45
31 43
5745 49
6665 26
7258 50
6885 334
9423 27
1943 75
2089 86
8373 83
4548 51
3580 115
7542 150
6514 79
5152 40
7466 56
4118 19
5235 347
6259 68
5297 19
1884 428
5206 129
1775 132
2476 12
3085 30
3600 44
1935 22
1563 42
5130 151
3050 48
8519 100
975 68
3321 16
5111 135
6057 91
7115 133
1510 23
9661 110
3066 355
4573 391
9126 395
3647 396
9523 57
3300 27
3461 25
2431 191
9973 64
4352 57
133 22
7569 69
4179 90
8228 25
6705 11
9767 67
798 33
6431 71
9103 44
7947 12
9405 65
6366 216
6705 139
1939 13
437 30
2190 16
2274 69
951 145
4168 472
1306 14
7781 59
3427 128
3558 124
2306 31
6680 61
2327 140
8365 154
2213 181
1435 11
9027 152
6358 23
3290 38
4074 98
8439 10
5781 53
3658 40
9958 59
2617 86
4432 180
5560 50
5981 117
208 103
5981 66
8838 18
1245 205
4686 59
451 111
9411 182
2974 10
6721 56
6483 217
8631 164
5584 56
1384 211
4626 97
5806 41
3500 22
6654 122
6931 55
8456 94
2490 25
5078 57
7520 186
8072 117
3253 45
771 68
9371 444
194 163
6558 105
5522 163
1900 60
9929 206
2732 113
213 210
6750 32
2318 391
7933 41
3330 16
8070 135
8439 137
3450 61
6345 70
1242 228
2801 100
2385 40
5796 138
158 57
3524 20
6512 110
8188 233
1787 97
901 18
8624 175
5983 11
9405 110
68 170
1407 19
7071 280
650 16
6357 82
251 283
7699 206
9600 30
2152 97
6412 279
1734 17
2987 92
4070 104
8067 11
9224 104
4816 174
2717 93
6570 55
9206 76
4352 72
1326 437
4176 32
7314 49
5383 72
26 94
2357 32
3253 138
8517 70
3798 128
9061 32
9510 259
2835 95
3799 60
443 23
1977 251
9741 137
5015 31
1070 43
7827 22
3727 28
7634 33
7302 378
3951 133
462 110
1357 14
1896 22
6776 140
4106 139
6575 338
9452 56
3804 39
5959 22
9941 102
4599 66
5265 56
2050 98
5918 47
7902 262
2742 58
7652 142
5942 493
3424 102
1764 155
6905 67
8872 168
5399 184
5753 36
7774 70
3771 31
8450 88
7686 38
746 30
2625 43
5796 41
1554 182
744 78
2135 190
2236 80
7835 34
9417 13
6478 72
2124 16
5120 138
2183 16
481 40
2424 369
120 251
3314 12
8863 53
5877 261
4882 113
688 18
6070 50
7816 426
2294 83
9494 70
5377 200
6518 25
4696 94
7781 36
2814 89
1326 52
276 21
772 19
8844 41
985 21
8133 220
6511 17
5926 114
5579 221
8990 128
7457 304
4956 48
2604 121
1012 69
476 60
566 14
7746 24
5755 68
9439 57
4636 27
4616 22
4723 84
8153 127
9681 19
1933 96
3265 141
127 29
1694 395
9357 317
7250 72
8061 31
3615 50
8234 124
6815 137
2817 189
6382 58
6747 200
3029 88
7972 24
831 10
2499 10
9777 63
4582 153
4292 12
3195 172
3551 14
5540 265
2286 139
3349 160
5681 39
9467 14
9489 31
626 113
4636 290
3713 54
1552 75
518 88
7545 225
4610 49
6193 122
6749 38
3057 135
6361 35
5604 12
527 29
6059 138
5856 42
2760 121
7657 28
9128 138
5742 164
6517 164
7228 238
19 118
7958 346
7659 31
6840 12
2367 37
2301 294
2441 135
5881 211
8088 45
1722 51
5910 48
928 122
4842 120
2399 124
8097 90
3793 24
3295 65
2281 131
7971 180
6394 82
8607 128
3361 50
788 114
9844 27
1878 31
7302 55
5517 130
8387 212
752 45
1367 104
680 42
4884 41
1565 233
8650 12
6482 78
2917 73
2050 82
1101 68
8490 209
7393 121
6738 25
5560 63
3529 134
8824 305
3168 237
4836 32
5913 25
7148 143
6361 62
3995 64
3409 59
589 27
7964 86
2334 33
4796 461
5416 95
1709 65
7699 56
5317 39
7823 65
6793 14
9267 18
4426 55
2705 133
871 25
6933 97
5263 15
8922 12
34 167
928 108
9788 51
9854 175
4301 18
8623 59
8409 110
6922 74
1286 42
1313 125
5538 251
5455 223
462 188
5437 184
1742 21
3094 21
4442 101
2065 35
5600 47
3842 60
6364 25
1079 36
7894 20
5417 76
6186 136
9684 152
7067 69
5740 53
1822 14
8204 91
9275 250
4380 43
1463 57
7726 12
374 78
5896 231
5989 90
9870 43
3781 272
4542 105
8529 52
5786 103
4247 96
6674 115
9655 46
813 210
142 34
6824 65
4260 38
8144 24
5787 21
7384 183
9280 88
5568 256
690 313
2326 39
216 13
2272 122
6848 14
6509 149
3512 138
4816 64
7586 120
5319 47
1155 120
8993 174
4719 16
5577 31
3139 48
2262 84
9178 31
9197 209
1990 401
9331 122
3677 192
7827 23
1359 26
1207 42
8980 84
2807 122
9048 66
4249 15
5096 173
9773 29
1116 134
1079 34
8530 12
4725 39
4449 15
2890 129
913 17
1265 95
4048 159
8713 27
9803 43
5324 75
8122 137
4451 137
5236 289
8224 183
1892 83
2237 180
4534 224
3403 69
7141 22
8273 40
7774 13
6531 59
4383 62
499 275
3166 59
109 42
5853 218
9769 281
4375 10
4418 56
6848 70
7321 10
1698 114
3401 12
457 34
9511 28
9926 10
4191 193
4354 46
2719 30
8370 102
7399 42
1007 65
6274 173
6181 17
4576 240
8053 141
8916 191
4909 46
4104 28
868 10
7535 31
1466 36
1950 47
3518 121
7085 169
8880 42
5006 233
3571 17
2543 70
6631 71
5347 87
3995 33
738 51
7847 65
4094 26
3470 316
7440 52
3537 37
7676 257
5305 60
8759 175
6018 81
8971 36
5159 71
1212 13
4475 19
3651 265
4742 144
2221 102
9463 19
1661 70
3694 31
9828 237
6717 184
1189 74
2344 39
1139 138
7584 171
7295 287
5221 153
17 42
6567 66
9273 199
6780 20
6317 107
1337 39
9562 178
8951 86
9497 40
6251 62
2308 44
136 32
6931 280
2552 103
1720 65
1170 227
1077 84
7918 34
2490 69
6711 25
4096 54
4854 34
4375 27
6224 57
2442 325
8069 141
3512 115
2142 135
9880 57
1791 46
4483 188
4514 242
7072 95
9917 84
2339 75
1453 66
6012 12
1675 17
2805 81
5412 70
6811 137
483 22
7799 127
8286 94
8897 372
3208 117
9592 132
6010 62
136 133
6004 10
1846 30
4708 47
7955 20
6883 19
6745 17
7569 19
3622 245
115 249
372 248
3753 187
3798 102
6848 20
6023 202
3893 103
8272 75
7636 44
3761 161
629 234
1764 29
8109 101
8002 107
7351 26
3850 76
2975 124
7743 49
1116 98
2402 40
3911 159
7149 34
9358 86
7563 192
4282 233
4052 77
7895 45
839 53
7414 154
760 193
5908 93
6500 180
6659 63
4643 259
8152 251
1326 230
7065 85
8803 51
7196 113
4850 43
4049 223
9690 31
4290 123
929 143
8307 365
8708 75
6804 11
2027 17
881 117
8081 188
1486 242
8026 174
8885 104
1468 108
8057 53
9274 49
9150 27
4630 180
5647 125
9460 143
3039 45
11 79
5461 26
7183 556
7008 90
8227 123
1101 176
324 78
4555 144
7080 68
2377 72
9462 53
3312 169
9806 214
9113 38
8826 21
1967 368
4944 113
9909 98
3738 276
1839 109
7731 172
8192 78
6959 85
6403 66
7775 214
3961 84
2318 10
4014 66
4548 227
9118 108
5323 261
3872 160
5665 84
5474 125
5717 351
2003 244
2442 198
7238 155
7954 299
959 39
837 150
9343 81
8916 37
6222 48
7651 453
9085 22
7676 38
4321 103
6498 81
890 228
419 101
1909 198
4182 42
7630 54
6046 36
7643 23
1768 166
9379 22
6143 20
8632 66
1386 123
7129 237
8798 45
2658 119
4310 27
9634 93
1341 47
7389 398
9282 124
5046 142
9729 141
2619 42
5930 251
6326 164
9420 86
4520 19
6285 42
1019 366
9939 26
9556 122
8865 43
8131 123
5600 56
3388 135
5967 108
4600 19
8257 140
1814 74
7175 63
3842 371
5906 10
7952 80
2905 127
548 20
1461 130
5045 40
8561 14
3645 372
6990 94
1512 19
2149 91
643 138
3887 234
8507 23
943 51
6119 50
901 117
9682 29
6373 272
6987 29
8698 12
9002 129
8052 50
9294 59
9459 452
5584 62
8795 30
8450 71
5645 63
3962 77
5850 44
5875 46
9792 74
4292 246
837 438
2952 12
3014 244
4276 36
8504 135
2638 438
8922 69
9718 57
8184 102
958 35
1985 48
7474 34
3658 27
404 70
8094 394
8368 28
9893 18
2824 57
6990 33
5403 71
7305 50
3435 38
3413 39
2560 76
7561 157
6481 159
6558 142
3017 19
6743 25
8174 216
4525 23
2703 54
92 58
1877 199
2300 36
2949 167
9429 454
5088 141
7057 162
560 196
8047 59
8785 14
2335 226
1369 21
2721 63
1473 164
6228 197
5778 30
7347 11
563 52
9243 109
5053 21
7420 163
9204 15
2689 67
5435 19
7318 59
7835 139
3290 38
738 180
3797 118
3820 15
6749 76
9907 111
992 219
9021 310
3106 264
8743 191
3248 486
6198 15
8187 46
5272 61
1621 79
1941 11
2557 35
4630 16
1554 25
1474 138
952 219
7823 171
9843 313
7675 141
2094 83
9889 433
2624 32
4514 202
1795 40
1199 133
5539 14
603 311
9757 122
6475 57
318 71
367 220
626 71
8517 163
6802 40
5603 208
6059 44
1744 53
7068 44
8898 100
270 29
9099 30
8836 50
5651 39
6161 133
5356 52
6339 95
8323 191
6074 225
9751 130
6832 20
5363 94
2452 74
1373 95
8060 97
2586 25
5461 89
9396 247
3286 53
7712 10
9471 221
4078 13
4297 26
2910 10
9721 14
1035 75
3758 128
8614 16
9456 12
4266 86
7255 45
2169 13
807 37
7978 319
8959 26
7695 177
2668 27
9724 24
431 11
8026 148
8144 108
8239 124
3777 236
3713 44
2258 155
5538 209
2313 55
1766 98
1620 211
9248 139
4827 14
6208 50
7627 161
1664 225
2439 93
3167 161
1820 26
2166 16
7265 74
189 111
2067 89
2630 32
5438 72
1134 76
6731 101
2850 38
9254 44
8625 29
231 32
850 53
942 101
9906 87
9689 206
593 18
3669 117
9493 13
7364 25
4279 70
8072 17
5445 112
9545 81
383 184
7795 19
4708 188
8400 27
6466 133
4843 92
9558 25
1685 82
2235 150
9430 76
5085 70
6034 57
8959 51
1501 49
4196 344
3465 183
640 13
249 22
2355 12
1762 15
2060 86
1887 172
3108 78
2511 16
5153 27
2094 19
9717 38
847 50
7092 12
7965 60
1555 443
3628 34
7163 73
8862 207
5860 45
7738 271
9454 246
2745 55
5985 13
6627 271
1459 267
7512 193
2278 112
4388 190
2617 56
4480 157
3549 36
3220 16
7828 95
6760 126
8965 183
3297 21
4823 98
9231 175
5408 47
5010 48
7569 88
8985 154
6010 371
8456 49
1170 170
6634 194
4881 50
8257 123
8714 53
7476 185
9582 237
5946 19
7445 89
3337 52
931 27
8191 299
2272 56
5451 255
8509 105
7268 72
4596 27
2767 125
7123 34
6121 78
175 96
5692 66
4990 69
7813 87
5550 37
3998 72
3346 33
4934 55
9881 90
1238 287
7739 92
9575 42
1161 236
8894 132
2174 18
5450 607
5816 44
6866 23
7158 28
6600 127
2995 40
5312 83
462 103
2452 310
8300 32
8640 225
826 184
3964 100
8632 222
2531 78
8551 59
269 79
1604 482
5707 66
3395 23
